R	8.46642	0.0287602	-3.04035	1477010443399637	8.6	0.25	-3.00029	0
R	8.57101	0.0282318	-0.0105258	1477010443499690	8.45	0.25	0	0
R	8.42927	0.0301427	-1.85813	1477010443604698	8.35	0.25	-1.81979	0
R	7.9351	0.0237437	-3.81077	1477010443709653	8.05	0.2	-3.99976	-0.99994
R	7.61428	0.0204653	-3.22052	1477010443809660	7.7	0.15	-2.99982	0
R	7.50876	0.0127032	-1.89765	1477010443914714	7.45	0.100001	-1.8165	-0.908239
R	7.20598	0.000683772	-2.79536	1477010444024741	7.2	9.49949e-07	-2.72851	-0.909507
R	6.74737	-0.0212224	-1.67069	1477010444134693	6.95	-0.15	-1.81898	-1.81898
R	6.67866	-0.0519302	-2.02379	1477010444239651	6.75	-0.349999	-2.00076	-2.00075
R	6.63205	-0.0840904	-0.81497	1477010444339690	6.6	-0.549999	-0.998836	-1.99769
R	6.46217	-0.130812	-0.356062	1477010444444769	6.5	-0.85	-0.908747	-3.63498
R	6.49021	-0.179219	-1.23944	1477010444554767	6.35	-1.15	-1.81897	-1.81898
R	6.59968	-0.226407	1.73835	1477010444664705	6.3	-1.45	0.909739	-3.63894
R	6.57796	-0.279439	-0.211523	1477010444769692	6.3	-1.8	-0.999494	-2.9985
R	6.66141	-0.322252	1.75689	1477010444869719	6.3	-2.1	0.999984	-2.99994
R	6.76596	-0.36264	0.855484	1477010444974743	6.35	-2.4	0	-2.72613
R	6.98232	-0.399959	1.89805	1477010445084742	6.4	-2.7	0.909499	-2.72851
R	7.12938	-0.43502	1.4149	1477010445189758	6.45	-3	0	-2.99754
R	7.31886	-0.470836	2.21289	1477010445294720	6.5	-3.3	0.910402	-2.7312
R	7.5456	-0.49614	2.70911	1477010445404670	6.65	-3.6	1.81722	-2.72583
R	7.884	-0.521437	2.20619	1477010445514767	6.8	-3.9	0.907988	-2.72396
R	8.04387	-0.547179	2.23987	1477010445624820	6.9	-4.2	0.909334	-2.72801
R	8.3635	-0.567708	1.67528	1477010445734748	7	-4.45	0.910054	-1.8201
R	8.50541	-0.582556	2.23409	1477010445844738	7.1	-4.7	0.908302	-2.72489
R	8.88902	-0.604494	3.05765	1477010445954759	7.25	-5	1.81907	-2.72861
R	8.97814	-0.622421	2.42827	1477010446064786	7.4	-5.3	0.908194	-2.7246
R	9.4762	-0.63468	2.54048	1477010446174794	7.55	-5.55	1.81974	-1.81974
R	9.53172	-0.647271	2.40306	1477010446284703	7.7	-5.8	0.90983	-2.72951
R	9.89957	-0.659824	3.5853	1477010446389694	7.85	-6.1	1.9986	-2.9979
R	10.4099	-0.66785	2.53218	1477010446494754	8.05	-6.35	1.81738	-1.81739
R	10.3865	-0.678464	2.50771	1477010446604767	8.2	-6.6	0.909293	-2.72787
R	10.6843	-0.687607	2.70793	1477010446714702	8.35	-6.85	1.81994	-1.81993
R	10.9406	-0.696337	2.56416	1477010446819646	8.5	-7.1	1.00006	-3.00018
R	11.3727	-0.707378	3.44956	1477010446919691	8.65	-7.4	1.99807	-2.99712
R	11.7598	-0.716035	2.04742	1477010447024687	8.8	-7.65	0.909955	-1.8199
R	11.8789	-0.726017	2.80161	1477010447129681	8.9	-7.9	0.999086	-2.9973
R	11.9442	-0.735521	1.86678	1477010447234713	9	-8.15	0.909309	-1.8186
R	12.4893	-0.745345	2.79706	1477010447339681	9.1	-8.4	1.0004	-3.00119
R	12.6764	-0.755304	1.92258	1477010447444637	9.2	-8.65	0.909508	-1.819
R	13.0018	-0.765199	4.2891	1477010447549622	9.35	-8.95	1.99965	-3.99928
R	13.2646	-0.772362	2.209	1477010447649652	9.5	-9.25	0.999584	-1.99917
R	13.3655	-0.782802	2.24797	1477010447749669	9.55	-9.5	0	-3.00023
R	13.8483	-0.794831	2.85181	1477010447849716	9.6	-9.8	0.999005	-2.997
R	13.8368	-0.803954	1.95724	1477010447954720	9.7	-10.05	0.909855	-1.81969
R	14.4307	-0.812263	2.35389	1477010448059664	9.75	-10.3	0	-3.00065
R	14.3135	-0.824455	2.63112	1477010448164710	9.8	-10.6	0.90817	-2.72451
R	14.7429	-0.835956	1.92166	1477010448274697	9.85	-10.9	0	-2.73074
R	14.8851	-0.848604	2.27417	1477010448379634	9.85	-11.2	0	-2.99965
R	15.2094	-0.863774	2.26264	1477010448479667	9.85	-11.5	0	-2.99843
R	15.413	-0.877244	0.866545	1477010448579678	9.8	-11.75	-1.0003	-2.00061
R	15.4054	-0.88995	1.77828	1477010448679644	9.7	-12	-1.0004	-3.00119
R	15.7547	-0.905673	1.01994	1477010448779630	9.6	-12.25	-0.999885	-1.99981
R	15.5466	-0.922266	0.369379	1477010448879685	9.45	-12.45	-1.99803	-1.99805
R	15.7759	-0.936847	0.912459	1477010448984693	9.3	-12.65	-0.909773	-1.81953
R	15.9017	-0.95744	-0.700602	1477010449089745	9.05	-12.85	-3.99257	-1.99629
R	15.6195	-0.978773	-0.291637	1477010449194745	8.75	-13	-1.8213	-0.910651
R	15.6995	-0.995246	-0.795374	1477010449299701	8.5	-13.1	-2.997	-0.999005
R	15.5295	-1.0123	-1.48799	1477010449404748	8.2	-13.15	-2.72741	0
R	15.2205	-1.03051	-1.3479	1477010449514693	7.9	-13.15	-2.72986	0
R	15.3557	-1.04843	-0.489357	1477010449619676	7.6	-13.2	-2.9979	-0.999304
R	14.9523	-1.06755	-1.47147	1477010449724687	7.3	-13.25	-2.72846	0
R	14.6741	-1.08244	-2.33868	1477010449829700	7	-13.2	-2.99784	0.999284
R	14.8668	-1.09768	-2.01344	1477010449934724	6.7	-13.1	-2.72787	0.909275
R	14.5623	-1.11566	-1.26682	1477010450044722	6.4	-13.05	-2.72678	0
R	14.3675	-1.1322	-1.86783	1477010450154684	6.1	-13	-2.72966	0.909888
R	14.0957	-1.14684	-3.18942	1477010450259674	5.8	-12.85	-2.99777	1.99851
R	13.7247	-1.15804	-1.68433	1477010450364717	5.55	-12.7	-1.81798	0.908995
R	13.5474	-1.17084	-2.84649	1477010450474743	5.3	-12.55	-2.72627	1.81753
R	13.369	-1.18389	-2.36817	1477010450584712	5.05	-12.35	-1.8199	1.81989
R	12.8878	-1.19328	-2.72149	1477010450689678	4.85	-12.15	-1.99928	1.99929
R	12.7991	-1.19553	-2.86727	1477010450794748	4.7	-11.9	-0.908236	2.72471
R	12.4969	-1.19406	-2.03943	1477010450904754	4.6	-11.65	-0.909847	1.81971
R	12.2162	-1.1958	-4.32322	1477010451009669	4.5	-11.35	-1.0008	4.0032
R	11.8835	-1.18814	-1.82178	1477010451114691	4.45	-11.05	0	1.81614
R	11.6669	-1.1797	-2.64222	1477010451224789	4.45	-10.8	0	2.72555
R	11.4789	-1.17144	-2.50005	1477010451334789	4.45	-10.5	0	2.729
R	11.1898	-1.15508	-2.26227	1477010451444763	4.5	-10.2	0.908962	2.72687
R	10.9942	-1.13588	-2.23426	1477010451554732	4.6	-9.9	0.909756	2.72927
R	10.4986	-1.11645	-2.34038	1477010451664722	4.7	-9.6	0.90859	2.72578
R	10.592	-1.09073	-1.62445	1477010451774708	4.85	-9.3	1.81967	2.72952
R	10.2398	-1.06602	-1.22863	1477010451879669	5	-9.05	0.999884	1.99977
R	10.3027	-1.04083	-1.33508	1477010451984680	5.15	-8.8	1.81805	2.72708
R	10.116	-1.01021	-0.66468	1477010452089696	5.35	-8.55	1.99956	1.99957
R	10.1164	-0.988358	-0.754614	1477010452194711	5.5	-8.35	0.909045	1.81807
R	9.81408	-0.957431	-0.747175	1477010452304738	5.7	-8.1	2.72608	2.72608
R	9.834	-0.9229	-0.425811	1477010452414768	5.95	-7.85	1.81801	1.81801
R	9.79397	-0.893547	-0.362809	1477010452524779	6.15	-7.65	1.81798	1.81798
R	9.82626	-0.862628	-0.124766	1477010452634722	6.35	-7.45	1.82027	1.82027
R	9.61034	-0.830934	0.570221	1477010452739683	6.6	-7.25	2.99862	1.99908
R	9.63222	-0.803469	-0.456175	1477010452844772	6.8	-7.05	0.908005	1.816
R	9.90965	-0.773882	0.725797	1477010452954812	7	-6.85	2.72856	1.81904
R	9.90034	-0.741696	-0.0555249	1477010453064726	7.25	-6.65	1.8202	1.8202
R	9.97586	-0.714582	1.59387	1477010453169672	7.5	-6.5	2.99964	0.999884
R	9.95941	-0.690878	0.851221	1477010453274711	7.75	-6.4	1.81709	0.908549
R	10.1984	-0.663884	0.962109	1477010453384703	8	-6.25	2.72931	1.81954
R	10.1836	-0.632288	0.481433	1477010453489669	8.25	-6.05	1.99977	1.99976
R	10.3458	-0.606064	1.70327	1477010453594661	8.5	-5.9	2.72796	0.909326
R	10.4847	-0.579689	0.558938	1477010453704660	8.75	-5.75	1.81776	1.81775
R	10.6216	-0.5556	0.704075	1477010453809760	8.95	-5.55	1.99657	1.99656
R	10.4783	-0.529976	1.82891	1477010453914847	9.2	-5.4	2.72728	0.909094
R	10.7468	-0.506831	0.586321	1477010454024848	9.45	-5.25	1.81816	1.81815
R	11.0251	-0.485669	0.713422	1477010454134784	9.65	-5.05	1.82036	1.82036
R	11.0505	-0.456323	0.657997	1477010454244791	9.85	-4.85	1.81578	1.81577
R	10.9882	-0.426704	0.528965	1477010454354798	10.05	-4.6	1.82039	2.7306
R	11.0542	-0.396158	0.638313	1477010454464746	10.25	-4.3	1.81769	2.72652
R	11.372	-0.37096	1.28476	1477010454574770	10.45	-4.05	1.81792	1.81792
R	11.3808	-0.345253	0.931803	1477010454684753	10.65	-3.85	1.81903	1.81904
R	11.3814	-0.322404	0.133015	1477010454794687	10.8	-3.6	0.909773	2.72931
R	11.4462	-0.292989	1.29006	1477010454899659	10.95	-3.3	1.99953	2.99928
R	11.5123	-0.262561	0.101622	1477010455004755	11.1	-3	0.907725	2.72317
R	11.4671	-0.236058	0.314142	1477010455114849	11.2	-2.7	0.908929	2.72678
R	11.3669	-0.209323	-1.44784	1477010455224848	11.2	-2.4	-0.909276	2.72782
R	11.3977	-0.185161	1.33719	1477010455334808	11.25	-2.1	1.81915	2.72871
R	11.4428	-0.157524	-0.25794	1477010455444718	11.35	-1.8	0	2.73035
R	11.156	-0.129749	-1.14303	1477010455549699	11.3	-1.5	-0.999165	2.99748
R	11.2341	-0.110312	-1.10131	1477010455654698	11.2	-1.25	-0.909822	1.81964
R	10.8931	-0.0853934	-2.22217	1477010455759700	11.05	-0.95	-1.99817	3.99632
R	10.881	-0.0609808	-1.03306	1477010455864779	10.9	-0.649999	-0.908549	1.8171
R	10.8539	-0.0403174	-1.94494	1477010455974837	10.75	-0.45	-1.8174	1.81738
R	10.5091	-0.0233211	-3.0395	1477010456084847	10.5	-0.25	-2.72796	1.81864
R	10.4887	-0.00774292	-1.83176	1477010456194789	10.25	-0.0999996	-1.81964	0.909826
R	9.92588	0.000398758	-2.61508	1477010456304681	10	9.49949e-07	-2.73049	0.910169
R	9.63991	0.00607597	-2.70663	1477010456414675	9.7	0.0500011	-2.72439	0
R	9.3231	0.0120556	-2.76994	1477010456524725	9.4	0.100001	-2.72773	0.90923
R	9.06362	0.022153	-2.70076	1477010456634732	9.1	0.2	-2.72652	0.908843
R	8.90542	0.0277555	-1.84439	1477010456744738	8.85	0.25	-1.81847	0
R	8.46751	0.0305697	-3.6221	1477010456854787	8.55	0.25	-3.6326	0
R	8.05524	0.0300307	-2.66869	1477010456964821	8.2	0.25	-2.72841	0
R	7.78925	0.0264196	-2.568	1477010457074802	7.9	0.2	-2.72708	-0.909025
R	7.77406	0.0124693	-2.72796	1477010457184718	7.6	0.100001	-2.73169	-0.910554
R	7.15342	0.00594389	-3.09184	1477010457289664	7.3	0.0500011	-2.99789	0
R	7.1723	-0.00654331	-1.74878	1477010457394701	7.05	-0.0499995	-1.81811	-1.81813
R	6.83466	-0.0366127	-1.79644	1477010457504756	6.85	-0.25	-1.81646	-1.81646
R	6.76349	-0.0677279	-1.51625	1477010457614784	6.65	-0.45	-1.81901	-1.819
R	6.60824	-0.114463	-0.485037	1477010457724718	6.5	-0.749999	-0.909789	-3.63914
R	6.53751	-0.171029	-0.566473	1477010457829667	6.4	-1.1	-1.0002	-3.00061
R	6.5388	-0.210302	-0.373814	1477010457929639	6.3	-1.35	-1.00035	-2.00072
R	6.45227	-0.252379	0.843797	1477010458029740	6.25	-1.6	0	-2.99288
R	6.69539	-0.29245	1.51218	1477010458134821	6.3	-1.9	0.909739	-2.72921
R	6.91179	-0.333634	0.908899	1477010458244771	6.35	-2.2	0	-2.72782
R	6.75717	-0.381912	1.23154	1477010458354753	6.35	-2.55	0	-3.63689
R	7.08951	-0.424996	2.12667	1477010458464759	6.4	-2.9	0.908854	-2.72658
R	7.23743	-0.457996	2.03836	1477010458574787	6.5	-3.2	0.908863	-2.72658
R	7.57641	-0.485339	2.0947	1477010458684825	6.6	-3.5	0.908714	-2.72613
R	7.7195	-0.517274	2.30516	1477010458794820	6.7	-3.8	0.909565	-2.72871
R	7.86967	-0.543033	2.16903	1477010458904824	6.8	-4.1	0.908566	-2.72568
R	8.40442	-0.563739	3.04353	1477010459014855	6.95	-4.4	1.81821	-2.72732
R	8.42068	-0.584245	2.43749	1477010459124748	7.1	-4.7	0.91085	-2.73253
R	8.79053	-0.601801	2.18989	1477010459229626	7.2	-4.95	1.00033	-2.00068
R	8.83775	-0.614588	3.42131	1477010459329670	7.35	-5.2	1.9976	-2.9964
R	9.16064	-0.628545	1.87661	1477010459434781	7.5	-5.45	0.908252	-1.8165
R	9.23072	-0.641835	2.97566	1477010459544843	7.65	-5.7	1.81785	-2.72677
R	9.88168	-0.653279	1.78226	1477010459654854	7.8	-5.95	0.909078	-1.81815
R	10.0026	-0.661119	2.97834	1477010459764809	7.95	-6.2	1.8197	-2.72955
R	10.5053	-0.671666	3.05024	1477010459874748	8.15	-6.5	1.8187	-2.72807
R	10.7287	-0.683001	1.92616	1477010459984740	8.3	-6.75	0.908979	-1.81795
R	10.7785	-0.696037	2.49181	1477010460094746	8.4	-7	0.909094	-2.72732
R	11.2099	-0.704456	3.11293	1477010460204765	8.55	-7.3	1.81751	-2.72628
R	11.7082	-0.715625	1.98212	1477010460314814	8.7	-7.55	0.908615	-1.81723
R	11.6937	-0.721585	3.12809	1477010460424744	8.85	-7.8	1.8215	-2.73224
R	12.2718	-0.734453	2.87621	1477010460529694	9	-8.1	0.999025	-2.99707
R	12.4149	-0.743549	1.7167	1477010460634793	9.1	-8.35	0.908285	-1.81657
R	12.6031	-0.750086	2.60268	1477010460744781	9.2	-8.6	0.91012	-2.73036
R	12.8797	-0.763778	2.57907	1477010460854694	9.3	-8.9	0.909524	-2.72856
R	13.1448	-0.77402	2.8177	1477010460959714	9.4	-9.2	0.999066	-2.99725
R	13.4009	-0.784169	2.57406	1477010461064723	9.5	-9.5	0.909706	-2.7291
R	13.6665	-0.79492	2.7101	1477010461169662	9.6	-9.8	1.00048	-3.00143
R	13.8463	-0.803265	2.26838	1477010461269700	9.7	-10.05	0.998785	-1.99755
R	14.223	-0.812853	1.76448	1477010461374737	9.75	-10.3	0	-2.72851
R	14.5847	-0.825059	2.61823	1477010461484718	9.8	-10.6	0.909012	-2.72704
R	14.7085	-0.837569	2.00573	1477010461589670	9.85	-10.9	0	-3.00318
R	14.7337	-0.847854	2.31145	1477010461689616	9.85	-11.2	0	-3.00013
R	15.0821	-0.863946	2.42247	1477010461789682	9.85	-11.5	0	-2.99592
R	15.2386	-0.875133	0.900904	1477010461894772	9.8	-11.75	-0.908731	-1.81746
R	15.5821	-0.891812	1.52511	1477010462004764	9.7	-12	-0.909591	-2.72875
R	15.5818	-0.909263	1.55806	1477010462114747	9.6	-12.3	-0.908879	-2.72667
R	15.6094	-0.92684	0.530042	1477010462224703	9.45	-12.55	-1.82006	-1.82006
R	15.647	-0.945318	-0.172995	1477010462329639	9.2	-12.75	-3.00047	-2.00033
R	15.5629	-0.965203	-0.227325	1477010462434714	8.95	-12.9	-1.81543	-0.907707
R	15.6346	-0.983091	-0.00852268	1477010462544716	8.7	-13.05	-2.73134	-1.82089
R	15.4056	-1.00393	-1.71054	1477010462649687	8.4	-13.15	-2.99683	0
R	15.3433	-1.01881	-0.506483	1477010462754745	8.1	-13.2	-2.72707	-0.909028
R	15.5514	-1.04048	-1.31109	1477010462864705	7.8	-13.25	-2.7295	0
R	15.2679	-1.05671	-1.35977	1477010462969661	7.5	-13.25	-2.99994	0
R	15.0325	-1.07149	-2.14048	1477010463074668	7.2	-13.2	-2.72698	0.908995
R	14.707	-1.09054	-1.80307	1477010463184664	6.85	-13.15	-3.63709	0
R	14.7389	-1.11096	-2.29967	1477010463289643	6.5	-13.1	-3.0006	1.00018
R	14.5358	-1.1248	-0.815348	1477010463394660	6.25	-13.05	-1.81729	0
R	14.2651	-1.13707	-2.63142	1477010463504660	6	-12.95	-2.72861	1.81906
R	14.0885	-1.15135	-2.17259	1477010463609635	5.7	-12.8	-2.99988	0.999964
R	13.857	-1.16639	-1.77211	1477010463709638	5.45	-12.7	-2.00001	1
R	13.6105	-1.17364	-2.55514	1477010463809706	5.25	-12.55	-1.99732	1.99733
R	13.5812	-1.18332	-2.44489	1477010463914701	5.05	-12.35	-1.8206	1.82059
R	13.1093	-1.18836	-3.51972	1477010464019634	4.85	-12.1	-1.9998	2.99969
R	12.6605	-1.19538	-2.32022	1477010464119638	4.7	-11.85	-1.00002	2.00003
R	12.5025	-1.19544	-3.28171	1477010464219690	4.6	-11.6	-0.998955	2.99688
R	12.067	-1.19146	-3.21867	1477010464319689	4.5	-11.3	-1.00106	3.00319
R	11.9516	-1.19047	-1.86393	1477010464424678	4.45	-11.05	0	1.8168
R	11.5778	-1.18044	-2.7544	1477010464529697	4.45	-10.8	0	3.00139
R	11.4567	-1.17215	-1.64771	1477010464629664	4.45	-10.55	0	2.00041
R	11.1439	-1.15943	-2.22282	1477010464729676	4.5	-10.3	0.999584	2.99875
R	10.9977	-1.14265	-2.49001	1477010464834700	4.55	-10	0	2.72717
R	10.7057	-1.12424	-1.78171	1477010464944669	4.65	-9.7	1.8193	2.72895
R	10.4189	-1.09757	-2.33568	1477010465049633	4.8	-9.4	1.00006	3.00019
R	10.4688	-1.07438	-0.809142	1477010465149630	4.95	-9.15	2.00004	2.00005
R	10.323	-1.05092	-2.02017	1477010465249644	5.1	-8.9	0.999704	2.99911
R	10.3067	-1.02629	-0.584474	1477010465354651	5.25	-8.65	1.81848	1.81849
R	9.90444	-0.995544	-1.4781	1477010465459626	5.45	-8.4	2.00068	3.00103
R	9.78462	-0.965647	-0.333006	1477010465559622	5.65	-8.15	1.99952	1.99953
R	9.80473	-0.939805	-0.960882	1477010465659638	5.8	-7.95	0.999944	1.99989
R	9.71238	-0.915003	-0.433286	1477010465759698	5.95	-7.75	1.99772	1.99772
R	9.7524	-0.886108	-0.238878	1477010465864704	6.15	-7.55	1.8199	1.8199
R	9.5193	-0.854097	0.571373	1477010465969718	6.4	-7.35	2.99605	1.99736
R	9.83822	-0.825564	0.654754	1477010466074711	6.65	-7.2	1.8206	0.910303
R	9.75541	-0.799682	-0.0700368	1477010466179676	6.85	-7.05	1.99848	1.99848
R	9.98866	-0.768765	0.81251	1477010466284723	7.1	-6.85	2.72688	1.81792
R	10.0188	-0.735659	0.0377937	1477010466394730	7.35	-6.65	1.81821	1.81821
R	9.96291	-0.711687	0.751952	1477010466504757	7.55	-6.5	1.81726	0.908632
R	10.1729	-0.687264	1.46825	1477010466614740	7.8	-6.4	2.72951	0.909839
R	9.98859	-0.65929	0.432862	1477010466719684	8.05	-6.25	2.00047	2.00048
R	10.2866	-0.629609	1.03301	1477010466824677	8.3	-6.05	2.72702	1.81801
R	10.375	-0.605303	0.959092	1477010466929651	8.55	-5.9	2.00127	1.00064
R	10.625	-0.579961	1.49575	1477010467029625	8.8	-5.75	2.99963	1.99976
R	10.8081	-0.549553	0.759227	1477010467129707	9.05	-5.55	1.99699	1.997
R	10.5876	-0.523958	0.708015	1477010467234830	9.25	-5.35	1.8166	1.81659
R	10.6878	-0.497879	0.724693	1477010467344757	9.45	-5.15	1.8222	1.82219
R	10.8597	-0.480893	1.35607	1477010467449735	9.65	-5	1.99604	0.998028
R	11.0125	-0.457284	0.645184	1477010467554811	9.85	-4.85	1.81895	1.81894
R	11.0854	-0.430334	0.501275	1477010467664743	10.05	-4.6	1.81966	2.72951
R	11.0567	-0.402233	0.823486	1477010467774672	10.25	-4.35	1.81908	1.81907
R	11.3494	-0.375162	0.778181	1477010467879630	10.45	-4.1	2.00061	3.0009
R	11.455	-0.3466	1.31515	1477010467979624	10.65	-3.85	1.99963	1.99964
R	11.3478	-0.321223	-0.147548	1477010468079642	10.8	-3.6	0.999844	2.99952
R	11.4637	-0.297497	1.34361	1477010468179635	10.95	-3.35	2.00065	2.00064
R	11.4488	-0.271915	0.00655611	1477010468279692	11.1	-3.1	0.998546	2.99563
R	11.4825	-0.245369	-0.702556	1477010468384690	11.15	-2.8	0	2.73104
R	11.3918	-0.225176	-0.449848	1477010468494625	11.15	-2.55	0	1.81785
R	11.3915	-0.199406	1.24065	1477010468599702	11.25	-2.25	1.99733	3.99465
R	11.4735	-0.168155	-0.239169	1477010468704758	11.35	-1.95	0	1.81854
R	11.5444	-0.147849	-0.188915	1477010468814741	11.35	-1.7	0	2.72762
R	11.3388	-0.12234	-1.27743	1477010468924749	11.3	-1.4	-0.908846	2.72653
R	11.1287	-0.0978734	-1.86279	1477010469034705	11.15	-1.1	-1.82014	2.73021
R	10.9533	-0.0723018	-1.45714	1477010469139628	11	-0.799999	-1.00036	3.00107
R	10.7256	-0.0453229	-2.2716	1477010469239610	10.85	-0.5	-2.00003	3.00006
R	10.6938	-0.0284812	-1.8134	1477010469344622	10.65	-0.3	-1.81779	0.908892
R	10.5043	-0.0147089	-2.93008	1477010469449624	10.4	-0.15	-3.00061	2.00041
R	10.141	-0.00711558	-1.90917	1477010469549703	10.15	-0.0499992	-1.99645	0
R	10.0898	-0.000164915	-2.6309	1477010469654702	9.9	9.49949e-07	-2.73175	0.910584
R	9.50438	0.00876647	-3.02557	1477010469759688	9.6	0.100001	-2.99544	0.998471
R	9.22961	0.0175293	-1.86965	1477010469864720	9.35	0.15	-1.81963	0
R	9.07524	0.0226968	-2.96695	1477010469969667	9.1	0.2	-3.00059	1.0002
R	8.84543	0.0291284	-2.90258	1477010470069658	8.8	0.25	-2.99995	0
R	8.43911	0.029295	-2.8363	1477010470169772	8.5	0.25	-2.99323	0
R	8.27433	0.0294916	-2.5969	1477010470274784	8.2	0.25	-2.73233	0
R	7.98315	0.0256301	-2.85879	1477010470379643	7.9	0.2	-3.00234	-1.00078
R	7.46312	0.019266	-3.11504	1477010470479672	7.6	0.15	-2.99599	0
R	7.38047	0.0128858	-1.78619	1477010470584745	7.35	0.100001	-1.81801	-0.908998
R	7.32563	-0.00630343	-2.78329	1477010470694797	7.1	-0.0499995	-2.72495	-1.81664
R	7.10159	-0.0371997	-0.867081	1477010470804752	6.9	-0.25	-0.910634	-1.82126
R	6.66164	-0.0676942	-3.03601	1477010470909720	6.7	-0.45	-2.99641	-1.99759
R	6.54413	-0.109938	-0.762244	1477010471014729	6.5	-0.7	-0.909955	-2.72986
R	6.50274	-0.154318	-0.418379	1477010471119716	6.4	-1	-0.999224	-2.99766
R	6.27693	-0.205206	-0.50992	1477010471224778	6.3	-1.3	-0.908722	-2.72618
R	6.57101	-0.247004	1.50277	1477010471334717	6.3	-1.6	0.910485	-2.73144
R	6.61568	-0.2897	0.888256	1477010471439714	6.35	-1.9	0	-2.99515
R	6.82616	-0.333515	0.963947	1477010471544769	6.35	-2.2	0	-2.72856
R	6.98476	-0.375575	1.93359	1477010471654796	6.4	-2.5	0.908227	-2.7247
R	7.04974	-0.410031	0.8694	1477010471764848	6.45	-2.8	0	-2.72732
R	7.07693	-0.451697	2.31494	1477010471874849	6.5	-3.15	0.909078	-3.6363
R	7.52682	-0.488801	2.06302	1477010471984794	6.6	-3.5	0.910038	-2.7301
R	7.721	-0.51755	2.03882	1477010472094797	6.7	-3.8	0.908095	-2.7243
R	7.85227	-0.5424	1.92133	1477010472204746	6.8	-4.1	0.910949	-2.73284
R	8.11508	-0.562462	1.69022	1477010472309642	6.9	-4.35	0.999834	-1.99968
R	8.35836	-0.579578	3.03057	1477010472409738	7.05	-4.6	1.99653	-2.99479
R	8.58227	-0.592606	2.07227	1477010472509776	7.2	-4.85	1.00098	-2.00196
R	8.88891	-0.610082	2.25633	1477010472614692	7.3	-5.1	0.90969	-2.72906
R	9.05785	-0.626214	3.44331	1477010472719663	7.45	-5.4	1.99976	-2.99964
R	9.4601	-0.639334	2.07117	1477010472819650	7.6	-5.65	1.00038	-2.00076
R	9.60303	-0.650794	2.99934	1477010472924680	7.75	-5.9	1.81659	-2.7249
R	10.0235	-0.660739	1.82872	1477010473034718	7.9	-6.15	0.909251	-1.81851
R	10.3121	-0.667107	2.66075	1477010473144782	8.05	-6.35	1.81576	-1.81577
R	10.6726	-0.673465	3.0068	1477010473254746	8.25	-6.6	1.8218	-2.73269
R	10.9601	-0.688074	2.42458	1477010473364703	8.4	-6.9	0.907987	-2.72401
R	11.191	-0.703148	2.55121	1477010473474712	8.5	-7.2	0.910054	-2.73014
R	11.4834	-0.710496	2.74755	1477010473579698	8.65	-7.45	1.99827	-1.99828
R	11.6331	-0.719838	2.5798	1477010473684743	8.8	-7.7	0.909061	-2.72717
R	11.9356	-0.731085	2.49207	1477010473794754	8.9	-8	0.908945	-2.72688
R	12.2284	-0.739285	2.50621	1477010473904699	9.05	-8.25	1.82026	-1.82027
R	12.4412	-0.745624	2.97957	1477010474009643	9.2	-8.5	0.999884	-2.99963
R	12.7039	-0.756748	2.71995	1477010474109686	9.3	-8.8	0.999284	-2.99783
R	13.1658	-0.767119	1.91016	1477010474214714	9.4	-9.05	0.909209	-1.81844
R	13.2358	-0.776088	2.49057	1477010474324744	9.5	-9.3	0.908483	-2.72543
R	13.696	-0.785123	2.56399	1477010474434742	9.6	-9.6	0.909756	-2.72927
R	14.0976	-0.795739	2.84598	1477010474539772	9.7	-9.9	0.998626	-2.99586
R	14.1089	-0.807364	1.87476	1477010474644816	9.75	-10.2	0	-2.72857
R	14.3022	-0.818543	2.54971	1477010474754750	9.8	-10.5	0.909773	-2.7293
R	14.6457	-0.831495	1.87281	1477010474864685	9.85	-10.8	0	-2.72846
R	14.8355	-0.845076	2.08863	1477010474974658	9.85	-11.1	0	-2.72748
R	15.1415	-0.858804	2.28971	1477010475079710	9.85	-11.4	0	-2.9967
R	15.3827	-0.87173	1.57763	1477010475184757	9.8	-11.7	-0.909227	-2.72768
R	15.4788	-0.888766	1.45861	1477010475294773	9.7	-12	-0.908714	-2.72613
R	15.5601	-0.905614	0.938636	1477010475404763	9.6	-12.25	-0.909639	-1.81931
R	15.5217	-0.921231	0.267302	1477010475514728	9.45	-12.45	-1.81824	-1.81825
R	15.8729	-0.942024	-0.053447	1477010475624757	9.2	-12.65	-2.72578	-1.81718
R	15.6473	-0.959771	0.301972	1477010475734757	8.95	-12.85	-1.8192	-1.81921
R	15.5759	-0.982069	0.0451108	1477010475844715	8.7	-13.05	-2.72781	-1.81854
R	15.7178	-1.00436	-1.56759	1477010475954722	8.4	-13.15	-2.72644	0
R	15.4407	-1.01846	-1.48784	1477010476059726	8.1	-13.15	-3.00083	0
R	15.4191	-1.03651	-0.716977	1477010476164747	7.8	-13.2	-2.72553	-0.908516
R	15.2661	-1.05621	-2.11606	1477010476274819	7.5	-13.2	-2.72544	0.908483
R	15.0349	-1.07175	-1.34238	1477010476384794	7.2	-13.15	-2.73035	0
R	14.893	-1.09086	-1.71646	1477010476494735	6.85	-13.15	-3.63616	0
R	14.6699	-1.10884	-0.875032	1477010476604787	6.55	-13.15	-1.81656	0
R	14.4304	-1.12445	-1.88305	1477010476714759	6.3	-13.1	-2.73109	0.910352
R	14.1864	-1.13755	-2.90062	1477010476824762	6	-12.95	-2.72331	1.81553
R	14.1065	-1.15181	-1.95986	1477010476934819	5.7	-12.8	-2.72842	0.909475
R	13.8068	-1.16747	-2.70953	1477010477044722	5.4	-12.65	-2.731	1.82067
R	13.5269	-1.17869	-2.4779	1477010477154646	5.15	-12.45	-1.81821	1.8182
R	13.3273	-1.18622	-2.53566	1477010477259657	4.95	-12.25	-1.99957	1.99957
R	12.9798	-1.18873	-2.09258	1477010477359671	4.8	-12.05	-0.999954	1.99993
R	12.539	-1.19655	-3.42819	1477010477459668	4.65	-11.8	-2.0002	3.00031
R	12.4176	-1.19677	-1.98844	1477010477559726	4.55	-11.55	0	1.99749
R	12.0696	-1.19087	-3.81549	1477010477664786	4.5	-11.25	-0.90916	3.63662
R	11.7368	-1.18684	-1.55765	1477010477774786	4.45	-10.95	0	1.81807
R	11.6867	-1.17618	-2.47213	1477010477884761	4.45	-10.7	0	2.72865
R	11.3043	-1.16677	-2.36037	1477010477994802	4.45	-10.4	0	2.72392
R	11.1445	-1.152	-2.18731	1477010478104838	4.5	-10.1	0.909624	2.72885
R	10.7341	-1.13037	-1.9859	1477010478214806	4.6	-9.8	0.909111	2.72733
R	10.6729	-1.10786	-1.7483	1477010478324774	4.75	-9.5	1.81921	2.7288
R	10.4052	-1.08079	-1.92895	1477010478434764	4.9	-9.2	0.908739	2.72622
R	10.3962	-1.05915	-0.886898	1477010478544824	5.05	-8.95	1.8169	1.81688
R	10.09	-1.02781	-1.24596	1477010478654806	5.25	-8.7	1.8201	2.73014
R	9.95856	-1.00261	-0.973357	1477010478764679	5.4	-8.45	0.910244	1.82049
R	10.0625	-0.976143	-1.42162	1477010478869695	5.55	-8.2	1.99657	2.99484
R	9.6935	-0.942624	-0.325581	1477010478974765	5.75	-7.95	1.81871	1.81872
R	9.73588	-0.912814	-0.00486679	1477010479084702	6	-7.75	2.72961	1.81974
R	9.82092	-0.878335	-0.277344	1477010479189675	6.25	-7.55	1.9992	1.9992
R	9.75766	-0.849487	-0.0978727	1477010479294668	6.45	-7.35	1.81911	1.81911
R	9.86809	-0.822197	0.120418	1477010479399642	6.65	-7.15	1.99996	1.99996
R	9.74178	-0.796215	0.681366	1477010479499705	6.85	-7	1.99752	0.998765
R	9.73646	-0.767898	0.636735	1477010479604705	7.1	-6.85	2.73035	1.82023
R	9.82669	-0.735388	0.310058	1477010479709628	7.35	-6.65	2.0006	2.0006
R	10.0155	-0.711196	0.937302	1477010479809654	7.55	-6.5	1.99841	0.999204
R	10.0688	-0.686191	1.79052	1477010479909703	7.8	-6.4	2.99952	0.999844
R	10.2955	-0.660707	0.133278	1477010480014777	8.05	-6.25	1.81603	1.81603
R	10.0748	-0.631835	0.423922	1477010480124811	8.25	-6.05	1.81921	1.81921
R	10.2941	-0.606816	1.81063	1477010480234745	8.5	-5.9	2.729	0.909673
R	10.3761	-0.579463	1.35126	1477010480344702	8.8	-5.75	2.72771	1.81848
R	10.5509	-0.550533	0.683611	1477010480449708	9.05	-5.55	1.99939	1.9994
R	10.7242	-0.529443	1.0617	1477010480554736	9.25	-5.4	1.81776	0.90888
R	10.6867	-0.503878	0.00801584	1477010480664832	9.45	-5.2	1.81545	2.72317
R	10.7882	-0.472652	0.842123	1477010480774817	9.65	-4.95	1.82145	1.82147
R	11.1251	-0.450929	0.916652	1477010480884675	9.85	-4.75	1.81961	1.8196
R	10.9735	-0.424449	0.969135	1477010480989675	10.05	-4.55	1.99827	1.99828
R	11.012	-0.396725	0.528506	1477010481094757	10.25	-4.3	1.81693	2.72538
R	11.1324	-0.37187	1.16702	1477010481204756	10.45	-4.05	1.81951	1.8195
R	11.3205	-0.346977	1.07019	1477010481314716	10.65	-3.85	1.81817	1.81818
R	11.5288	-0.321428	0.958754	1477010481424777	10.85	-3.6	1.81621	2.7243
R	11.5968	-0.290931	0.0529376	1477010481534865	11	-3.3	0.908632	2.72588
R	11.3751	-0.262609	0.248627	1477010481644844	11.1	-3	0.909905	2.72971
R	11.3429	-0.237942	-0.657875	1477010481754772	11.15	-2.7	0	2.72847
R	11.5121	-0.212107	-0.543635	1477010481864748	11.15	-2.4	0	2.72732
R	11.4133	-0.184157	1.27014	1477010481974721	11.25	-2.1	1.81905	2.72856
R	11.5354	-0.157397	-1.33198	1477010482084691	11.3	-1.8	-0.90916	2.72747
R	11.4353	-0.133106	-0.409532	1477010482194770	11.25	-1.5	0	2.72321
R	11.3746	-0.104867	-1.32078	1477010482304826	11.2	-1.2	-0.909524	2.72856
R	11.0344	-0.0810376	-2.19048	1477010482414762	11.05	-0.9	-1.81945	2.72916
R	10.852	-0.0540255	-1.26188	1477010482524680	10.9	-0.599999	-0.909839	2.72952
R	10.637	-0.0338463	-3.16697	1477010482629713	10.7	-0.349999	-2.99538	1.99692
R	10.434	-0.0187044	-1.67055	1477010482734821	10.45	-0.2	-1.81715	0.908579
R	10.2074	-0.0106801	-2.6148	1477010482844758	10.2	-0.0999996	-2.73194	0.910655
R	9.89001	0.000825869	-2.58728	1477010482954714	9.9	9.49949e-07	-2.72481	0.908268
R	9.63573	0.00964489	-1.81622	1477010483064783	9.65	0.100001	-1.81759	0.908784
R	9.5634	0.0155366	-2.61454	1477010483174816	9.4	0.15	-2.72659	0
R	9.08448	0.0228764	-2.61295	1477010483284790	9.1	0.2	-2.72925	0.909752
R	8.95026	0.0295912	-2.79773	1477010483394739	8.8	0.25	-2.72783	0
R	8.47238	0.0296451	-2.72052	1477010483504796	8.5	0.25	-2.72395	0
R	8.28345	0.0237815	-2.75499	1477010483614752	8.2	0.2	-2.73278	-0.910929
R	7.74832	0.0199538	-4.06511	1477010483719651	7.85	0.15	-3.9992	0
R	7.62144	0.020608	-1.92459	1477010483819695	7.55	0.15	-1.99868	0
R	7.34552	0.013889	-2.79671	1477010483924750	7.3	0.100001	-2.72622	-0.908734
R	7.05739	-0.00713726	-1.92312	1477010484034750	7.05	-0.0499995	-1.81887	-1.81889
R	6.87642	-0.0353825	-1.74942	1477010484144737	6.85	-0.25	-1.81792	-1.81792
R	6.77279	-0.0670127	-1.80294	1477010484254726	6.65	-0.45	-1.81881	-1.8188
R	6.64863	-0.115431	-1.34231	1477010484364662	6.45	-0.749999	-1.81971	-3.63941
R	6.45072	-0.171362	0.516744	1477010484469697	6.35	-1.1	0	-2.99522
R	6.46485	-0.219372	0.384586	1477010484574760	6.35	-1.4	0	-2.72817
R	6.74008	-0.262061	0.70842	1477010484684762	6.35	-1.7	0	-2.72628
R	6.70101	-0.306612	0.641725	1477010484794696	6.35	-2	0	-2.73154
R	6.68883	-0.347417	0.876202	1477010484899694	6.35	-2.3	0	-2.99503
R	6.81201	-0.386367	1.94865	1477010485004722	6.4	-2.6	0.909996	-2.73
R	7.01896	-0.421439	1.97259	1477010485114758	6.5	-2.9	0.907593	-2.72277
R	7.4891	-0.460405	1.56	1477010485224853	6.55	-3.25	0	-3.63617
R	7.42685	-0.499304	2.20461	1477010485334822	6.6	-3.6	0.909673	-2.72901
R	7.73369	-0.519546	2.24171	1477010485444795	6.75	-3.85	1.81795	-1.81795
R	8.32239	-0.540957	2.69981	1477010485554749	6.9	-4.15	0.909979	-3.63994
R	8.30107	-0.565342	1.79442	1477010485664769	7	-4.45	0.907889	-1.81577
R	8.59318	-0.585948	2.51996	1477010485774801	7.1	-4.7	0.909789	-2.72935
R	8.84525	-0.603476	3.20216	1477010485884747	7.25	-5	1.81861	-2.72792
R	9.02066	-0.622827	2.45726	1477010485989735	7.4	-5.3	0.999994	-3
R	9.26753	-0.633155	2.46174	1477010486094756	7.55	-5.55	1.81749	-1.81749
R	9.74447	-0.645201	2.28392	1477010486204747	7.7	-5.8	0.909598	-2.72881
R	9.84383	-0.656665	2.49108	1477010486314673	7.85	-6.05	1.81964	-1.81964
R	10.2229	-0.664707	3.50849	1477010486419697	8.05	-6.3	1.99731	-2.99599
R	10.5783	-0.673972	1.89866	1477010486524763	8.2	-6.55	0.909111	-1.81822
R	10.6184	-0.686812	2.56302	1477010486634801	8.3	-6.8	0.90845	-2.72534
R	11.2448	-0.697694	3.19734	1477010486744809	8.45	-7.1	1.81925	-2.72886
R	11.4023	-0.703311	2.66814	1477010486854698	8.65	-7.35	1.82079	-1.8208
R	11.4784	-0.712179	2.92582	1477010486959738	8.8	-7.6	0.997629	-2.99288
R	11.741	-0.726703	2.18954	1477010487064854	8.9	-7.9	0.909127	-2.72742
R	12.0578	-0.738017	1.97437	1477010487174826	9	-8.15	0.909524	-1.81903
R	12.3259	-0.7466	2.46112	1477010487284751	9.1	-8.4	0.909922	-2.72975
R	12.4872	-0.755033	3.12856	1477010487394740	9.25	-8.7	1.8169	-2.72535
R	12.9973	-0.761667	2.54796	1477010487504711	9.4	-9	0.910219	-2.73069
R	13.3492	-0.7773	2.64735	1477010487609747	9.5	-9.3	0.997908	-2.99371
R	13.5895	-0.783535	1.80157	1477010487714799	9.6	-9.55	0.909971	-1.81993
R	13.7362	-0.793586	1.9961	1477010487824681	9.65	-9.8	0	-2.73054
R	13.8624	-0.804437	2.82352	1477010487929707	9.7	-10.1	0.998187	-2.99456
R	14.2377	-0.814555	2.56532	1477010488034755	9.8	-10.4	0.909806	-2.7294
R	14.5453	-0.825759	1.93079	1477010488144715	9.85	-10.7	0	-2.72718
R	14.6206	-0.839985	1.93631	1477010488254785	9.85	-11	0	-2.72395
R	15.0172	-0.853421	2.11639	1477010488364782	9.85	-11.3	0	-2.73074
R	15.3302	-0.866059	2.06556	1477010488474779	9.85	-11.6	0	-2.72396
R	15.3983	-0.88022	1.79987	1477010488579821	9.8	-11.9	-1.0005	-3.00149
R	15.5297	-0.900676	0.234171	1477010488684802	9.65	-12.15	-1.81799	-1.81797
R	15.6284	-0.919828	1.29552	1477010488794741	9.45	-12.4	-1.82042	-2.73064
R	15.6571	-0.941485	0.291516	1477010488899701	9.25	-12.65	-1.99893	-1.99891
R	15.7268	-0.954682	0.414822	1477010489004723	9.05	-12.85	-1.81839	-1.81839
R	15.8476	-0.977762	-0.972751	1477010489114674	8.8	-13	-2.72942	-0.909806
R	15.6101	-0.995616	-0.116796	1477010489219633	8.5	-13.15	-2.99987	-1.99991
R	15.432	-1.01103	-1.74358	1477010489319687	8.25	-13.2	-1.99797	0.998985
R	15.4246	-1.02553	-0.658323	1477010489424683	8	-13.2	-2.73	-0.910004
R	15.1639	-1.04748	-1.86286	1477010489534731	7.65	-13.25	-3.62957	0
R	15.1626	-1.06605	-1.33622	1477010489644778	7.3	-13.25	-2.7301	0
R	14.8978	-1.08358	-1.4991	1477010489754727	7	-13.25	-2.72703	0
R	14.8615	-1.10225	-2.03746	1477010489864730	6.7	-13.2	-2.72742	0.909144
R	14.3946	-1.11583	-2.23409	1477010489974732	6.4	-13.1	-2.72703	0.908994
R	14.3607	-1.13231	-1.93156	1477010490084683	6.1	-13	-2.73	0.910004
R	14.3815	-1.14857	-2.05973	1477010490189750	5.8	-12.9	-2.99275	0.99759
R	14.0268	-1.15873	-2.36004	1477010490294818	5.55	-12.75	-1.81993	1.81994
R	13.5149	-1.16708	-2.47916	1477010490404794	5.35	-12.55	-1.81722	1.81723
R	13.4552	-1.17936	-2.79199	1477010490514793	5.1	-12.35	-2.72881	1.8192
R	13.1387	-1.18616	-2.10019	1477010490624800	4.9	-12.15	-0.908467	1.81693
R	12.8997	-1.1896	-3.33726	1477010490734847	4.75	-11.9	-1.81788	2.72684
R	12.3042	-1.19578	-2.07279	1477010490844803	4.6	-11.65	-0.909963	1.81994
R	12.1226	-1.19333	-3.59435	1477010490954743	4.5	-11.35	-0.909227	3.63689
R	12.0979	-1.19164	-1.93426	1477010491064728	4.4	-11.05	-0.909227	1.81845
R	11.5336	-1.18409	-2.00293	1477010491174701	4.4	-10.8	0.9094	2.72823
R	11.4356	-1.17086	-2.81654	1477010491279664	4.45	-10.5	0	3.00113
R	10.9254	-1.15506	-2.25117	1477010491379669	4.5	-10.2	0.999524	2.99855
R	10.8604	-1.13609	-2.26342	1477010491479780	4.6	-9.9	0.998267	2.9948
R	10.5329	-1.11857	-1.07221	1477010491584756	4.7	-9.65	0.910924	1.82187
R	10.5106	-1.09824	-1.95487	1477010491694709	4.8	-9.4	0.908038	2.72411
R	10.2807	-1.07104	-1.598	1477010491804763	4.95	-9.1	1.81851	2.72776
R	10.1055	-1.04116	-1.48391	1477010491914804	5.15	-8.8	1.8165	2.72476
R	10.0829	-1.0125	-0.557198	1477010492024752	5.35	-8.55	1.82159	1.8216
R	10.0189	-0.988216	-1.11875	1477010492134713	5.5	-8.35	0.908054	1.81609
R	10.0003	-0.961796	0.253973	1477010492244751	5.7	-8.15	2.72851	1.81902
R	9.9687	-0.926042	-1.09038	1477010492354717	5.95	-7.9	1.81851	2.72777
R	9.92266	-0.895106	-0.251318	1477010492464731	6.15	-7.65	1.81739	1.81739
R	9.84317	-0.864096	-0.225876	1477010492574809	6.35	-7.45	1.8164	1.81641
R	9.89056	-0.831754	0.387467	1477010492684838	6.6	-7.25	2.72856	1.81904
R	9.82091	-0.80111	0.0111151	1477010492794737	6.85	-7.05	1.82066	1.82066
R	9.91553	-0.767345	0.813798	1477010492899667	7.1	-6.85	2.99976	1.99984
R	9.78918	-0.739243	-0.48358	1477010492999702	7.3	-6.65	0.999384	1.99876
R	10.1874	-0.716878	2.05987	1477010493104730	7.5	-6.55	2.72747	0
R	10.3287	-0.693472	0.298687	1477010493214786	7.75	-6.45	1.81623	1.81624
R	10.0811	-0.66755	1.53364	1477010493324861	8	-6.3	2.72648	0.908821
R	10.4109	-0.636269	-0.146262	1477010493434854	8.25	-6.1	1.81898	2.72847
R	10.2804	-0.607939	1.90025	1477010493544847	8.5	-5.9	2.72647	0.90883
R	10.4873	-0.580994	0.616103	1477010493654873	8.75	-5.75	1.81789	1.81788
R	10.4588	-0.551115	1.48103	1477010493764805	9	-5.55	2.73109	1.82073
R	10.7747	-0.524384	0.767143	1477010493874736	9.25	-5.35	1.81796	1.81795
R	10.7517	-0.497219	1.45792	1477010493984708	9.5	-5.15	2.72905	1.81937
R	11.0341	-0.470968	0.0453641	1477010494089740	9.7	-4.95	0.998666	1.99733
R	11.0612	-0.449999	0.869401	1477010494194838	9.85	-4.75	1.8172	1.81719
R	11.125	-0.424919	0.928876	1477010494304801	10.05	-4.55	1.82042	1.82043
R	11.1995	-0.399294	1.77981	1477010494414745	10.3	-4.35	2.72672	1.81782
R	11.3545	-0.370848	-0.30287	1477010494524777	10.5	-4.1	0.908764	2.72628
R	11.3211	-0.342958	0.712047	1477010494634760	10.65	-3.8	1.8194	2.72911
R	11.4312	-0.317652	1.20517	1477010494744718	10.85	-3.55	1.81839	1.81838
R	11.5021	-0.29106	0.041231	1477010494854745	11	-3.3	0.908549	2.72563
R	11.5069	-0.264934	0.216416	1477010494964791	11.1	-3	0.90888	2.72663
R	11.4972	-0.237002	0.259454	1477010495074751	11.2	-2.7	0.909988	2.72995
R	11.7171	-0.211967	-1.46601	1477010495184782	11.2	-2.4	-0.907692	2.72306
R	11.4117	-0.183451	1.44344	1477010495294756	11.25	-2.1	1.8219	2.73284
R	11.3633	-0.156728	-0.454345	1477010495404793	11.35	-1.8	0	2.71996
R	11.3658	-0.130565	-0.347156	1477010495514797	11.35	-1.5	0	2.73448
R	11.3141	-0.10593	-2.15196	1477010495619661	11.25	-1.2	-1.99969	2.99952
R	11.0059	-0.0810972	-1.38138	1477010495719666	11.1	-0.9	-1.00006	3.00024
R	10.911	-0.0601231	-1.96694	1477010495824677	10.95	-0.649999	-1.81771	1.81773
R	10.8361	-0.0408851	-1.78777	1477010495934684	10.75	-0.45	-1.81842	1.8184
R	10.5532	-0.0235621	-3.26318	1477010496039672	10.5	-0.25	-3.00035	2.00024
R	10.2565	-0.0112412	-2.08683	1477010496139654	10.25	-0.0999996	-2.00053	1.00027
R	10.0717	0.00163858	-1.97994	1477010496239639	10.05	9.49949e-07	-2.00009	1.00004
R	9.84784	0.00284182	-2.93313	1477010496339634	9.8	0.0500011	-3.00025	0
R	9.54734	0.0104496	-2.97688	1477010496439659	9.5	0.100001	-2.99825	0.999409
R	9.46208	0.0141913	-1.83274	1477010496544659	9.25	0.15	-1.81915	0
R	9.02937	0.0217632	-3.05478	1477010496649643	9	0.2	-2.99927	0.99976
R	8.6796	0.0285204	-3.02363	1477010496749676	8.7	0.25	-2.99873	0
R	8.44466	0.0300046	-2.58343	1477010496854669	8.4	0.25	-2.72872	0
R	8.10918	0.0252484	-2.97538	1477010496959655	8.1	0.2	-2.99909	-0.9997
R	7.82356	0.0191399	-3.06134	1477010497059653	7.8	0.15	-3.00101	0
R	7.49759	0.0134815	-2.56198	1477010497164643	7.5	0.100001	-2.72698	-0.908982
R	7.13188	-0.000633743	-2.02086	1477010497269642	7.25	9.49949e-07	-2.00032	-1.00016
R	6.77401	-0.0222792	-2.89458	1477010497374674	7	-0.15	-2.72534	-1.8169
R	6.7132	-0.0517516	-0.920895	1477010497479687	6.8	-0.349999	-1.00053	-2.00107
R	6.74335	-0.0817351	-1.87538	1477010497579656	6.65	-0.549999	-2.00016	-2.00017
R	6.44839	-0.121462	-0.595118	1477010497679658	6.5	-0.799999	-0.999884	-2.99963
R	6.46919	-0.16842	-0.399597	1477010497779665	6.4	-1.1	-0.999984	-2.99995
R	6.70803	-0.215617	0.545837	1477010497879645	6.35	-1.4	0	-3.00132
R	6.54119	-0.254276	0.351234	1477010497984639	6.35	-1.65	0	-1.81769
R	6.64128	-0.299712	1.27178	1477010498089657	6.35	-1.95	0	-3.99976
R	6.6916	-0.340776	0.695528	1477010498189661	6.35	-2.25	0	-2
R	6.73182	-0.375521	1.10962	1477010498289662	6.35	-2.5	0	-3
R	6.95809	-0.410128	2.11301	1477010498389660	6.4	-2.8	1.00003	-3.00012
R	7.23519	-0.451689	2.60049	1477010498489695	6.5	-3.15	0.999284	-3.99712
R	7.4921	-0.481382	1.63266	1477010498594681	6.6	-3.45	0.909922	-1.81983
R	7.65601	-0.504076	2.5156	1477010498699664	6.7	-3.7	0.999335	-2.99802
R	7.7202	-0.532089	2.13592	1477010498804730	6.8	-4	0.908549	-2.72564
R	8.16769	-0.554308	1.6278	1477010498914716	6.9	-4.25	0.90988	-1.81977
R	8.43143	-0.57064	2.47219	1477010499019665	7	-4.5	1.00008	-3.00024
R	8.74234	-0.592929	3.2723	1477010499119665	7.15	-4.8	1.99984	-2.99976
R	8.92451	-0.606477	1.91642	1477010499219655	7.3	-5.05	1.00028	-2.00057
R	9.0968	-0.620096	2.43519	1477010499319639	7.4	-5.3	1.00003	-3.00012
R	9.27969	-0.635369	2.73629	1477010499419647	7.55	-5.55	1.99961	-1.99961
R	9.6591	-0.646603	2.41719	1477010499519643	7.7	-5.8	1.00027	-3.00084
R	9.7353	-0.656464	2.7844	1477010499619634	7.85	-6.05	1.9998	-1.99981
R	10.2057	-0.66388	2.032	1477010499719637	8	-6.25	1.00004	-2.00008
R	10.382	-0.674723	3.36501	1477010499819647	8.15	-6.5	1.99951	-2.99928
R	10.7955	-0.680973	1.7607	1477010499924653	8.3	-6.75	0.90921	-1.81841
R	11.1716	-0.694584	2.79064	1477010500029640	8.4	-7	1.0001	-3.00036
R	10.9872	-0.703397	2.84011	1477010500129657	8.55	-7.25	1.99907	-1.99908
R	11.5795	-0.712791	2.85508	1477010500229651	8.7	-7.5	1.00058	-3.00174
R	11.7383	-0.721773	1.98214	1477010500329631	8.8	-7.75	0.999844	-1.99968
R	12.1699	-0.728905	3.6081	1477010500429635	8.95	-8	2.00017	-3.00024
R	12.2342	-0.737451	2.08465	1477010500529687	9.1	-8.25	0.998905	-1.99781
R	12.6512	-0.744494	2.40551	1477010500634757	9.2	-8.5	0.908863	-2.72657
R	12.6125	-0.757959	2.41541	1477010500744749	9.3	-8.8	0.909475	-2.72841
R	13.1952	-0.769299	3.02289	1477010500849738	9.4	-9.1	0.999765	-2.99935
R	13.3758	-0.777761	1.84184	1477010500954757	9.5	-9.35	0.908962	-1.81792
R	13.5831	-0.785718	2.38885	1477010501064712	9.6	-9.6	0.909988	-2.72996
R	13.8538	-0.796016	2.63696	1477010501174727	9.7	-9.9	0.907972	-2.7239
R	14.0227	-0.807641	1.93977	1477010501284719	9.75	-10.2	0	-2.73106
R	14.3811	-0.818753	3.01654	1477010501389643	9.8	-10.5	1	-2.99999
R	14.5653	-0.830443	2.32942	1477010501489636	9.85	-10.8	0	-3.00047
R	14.9194	-0.843535	1.3418	1477010501589738	9.85	-11.05	0	-1.9956
R	14.9674	-0.853527	1.98082	1477010501694757	9.85	-11.3	0	-2.73184
R	15.1773	-0.869154	1.8979	1477010501799738	9.8	-11.6	-0.998566	-2.9957
R	15.4203	-0.884038	2.12451	1477010501904738	9.75	-11.9	0	-2.73084
R	15.5366	-0.901665	1.06967	1477010502014733	9.65	-12.2	-1.81598	-2.72396
R	15.6711	-0.921787	0.222425	1477010502124705	9.45	-12.45	-1.82132	-1.82133
R	15.7693	-0.93835	0.863191	1477010502234675	9.3	-12.65	-0.908038	-1.81606
R	15.6491	-0.954916	-0.702749	1477010502344684	9.05	-12.85	-3.64007	-1.82004
R	15.6757	-0.979734	-0.475503	1477010502449731	8.75	-13	-1.9959	-0.997948
R	15.5584	-0.994038	-0.821157	1477010502554749	8.5	-13.1	-2.73149	-0.910502
R	15.5362	-1.01517	-0.66709	1477010502664734	8.2	-13.2	-2.72385	-0.907955
R	15.36	-1.03139	-1.35298	1477010502774815	7.9	-13.25	-2.72673	0
R	15.1473	-1.05087	-1.53492	1477010502884773	7.6	-13.25	-2.72991	0
R	14.9795	-1.06989	-2.58841	1477010502994682	7.25	-13.2	-3.63887	0.909723
R	14.8543	-1.08728	-1.23077	1477010503104728	6.9	-13.15	-2.72312	0
R	14.9527	-1.10661	-1.43926	1477010503209733	6.6	-13.15	-3.00475	0
R	14.6848	-1.11798	-1.7778	1477010503309715	6.35	-13.1	-1.9976	0.998786
R	14.5284	-1.13279	-1.95691	1477010503414775	6.1	-13	-2.72732	0.909111
R	14.1205	-1.14893	-2.0284	1477010503524740	5.8	-12.9	-2.72895	0.909657
R	13.9407	-1.16209	-2.51174	1477010503634709	5.55	-12.75	-1.81808	1.81809
R	13.6781	-1.17045	-2.71295	1477010503744786	5.3	-12.55	-2.7236	1.81575
R	13.5987	-1.18335	-2.35186	1477010503854816	5.05	-12.35	-1.81967	1.81966
R	13.0294	-1.1923	-3.09079	1477010503964763	4.85	-12.1	-1.81844	2.72766
R	12.6426	-1.19135	-2.14426	1477010504074727	4.7	-11.85	-0.909557	1.8191
R	12.532	-1.19356	-2.71022	1477010504184778	4.6	-11.6	-0.907782	2.72335
R	12.0277	-1.18903	-3.7137	1477010504294788	4.5	-11.25	-0.910253	3.64099
R	11.8559	-1.18496	-1.62718	1477010504404722	4.45	-10.95	0	1.81804
R	12.0444	-1.17805	-1.73855	1477010504514788	4.45	-10.75	0	1.81614
R	11.3269	-1.16887	-3.27343	1477010504624801	4.45	-10.45	0	3.6396
R	11.0834	-1.15058	-2.17109	1477010504734696	4.5	-10.1	0.910021	2.73005
R	10.7623	-1.13022	-2.44174	1477010504839687	4.6	-9.8	0.999085	2.99725
R	10.4579	-1.11412	-1.35603	1477010504944672	4.7	-9.55	0.910095	1.82021
R	10.4108	-1.0908	-1.78308	1477010505049655	4.85	-9.3	1.99828	2.99743
R	10.3405	-1.06237	-1.95528	1477010505154742	5	-9	0.908384	2.72514
R	10.2601	-1.03811	-0.803907	1477010505264827	5.15	-8.75	1.81679	1.8168
R	10.037	-1.01005	-1.20349	1477010505374809	5.35	-8.5	1.82017	2.73024
R	9.99123	-0.978202	-0.644215	1477010505484740	5.55	-8.25	1.81852	1.81852
R	10.0235	-0.949248	-0.364583	1477010505594751	5.75	-8.05	1.81752	1.81753
R	9.93472	-0.92343	-0.302353	1477010505704734	5.95	-7.85	1.8194	1.8194
R	9.62546	-0.88994	-0.832488	1477010505814720	6.15	-7.6	1.81742	2.72613
R	9.67107	-0.855073	0.418138	1477010505924794	6.4	-7.35	2.7248	1.81653
R	9.76103	-0.825526	0.489049	1477010506034803	6.65	-7.2	1.81957	0.909789
R	9.87674	-0.794649	0.607961	1477010506144717	6.9	-7.05	2.72946	1.81964
R	9.86232	-0.763353	0.0351385	1477010506254753	7.15	-6.85	1.81554	1.81554
R	9.85837	-0.736116	0.148173	1477010506364776	7.35	-6.65	1.82007	1.82007
R	9.98613	-0.706558	1.37208	1477010506474740	7.6	-6.5	2.72628	0.908764
R	10.1317	-0.684623	0.777791	1477010506584809	7.85	-6.4	1.81656	0.908285
R	10.1837	-0.658568	0.969682	1477010506694802	8.1	-6.25	2.73006	1.82003
R	10.2499	-0.623097	1.26912	1477010506804753	8.4	-6.05	2.72692	1.81795
R	10.4301	-0.594934	0.657942	1477010506914753	8.65	-5.85	1.81844	1.81844
R	10.6686	-0.565194	1.34315	1477010507024799	8.9	-5.65	2.72464	1.81643
R	10.6386	-0.537333	0.800178	1477010507134822	9.15	-5.45	1.81916	1.81918
R	10.6468	-0.515691	1.14332	1477010507244770	9.35	-5.3	1.81895	0.909466
R	11.0213	-0.491273	0.378567	1477010507354696	9.55	-5.1	1.81986	2.72981
R	10.8076	-0.462569	0.808191	1477010507464670	9.75	-4.85	1.81736	1.81735
R	10.9769	-0.436747	0.773696	1477010507574699	9.95	-4.65	1.81806	1.81805
R	11.3501	-0.410455	1.79691	1477010507684727	10.2	-4.45	2.72609	1.8174
R	11.1934	-0.382691	-0.210545	1477010507794760	10.4	-4.2	0.908945	2.72688
R	11.2679	-0.358104	1.20807	1477010507904742	10.55	-3.95	1.81903	1.81904
R	11.2214	-0.330063	0.887286	1477010508014683	10.75	-3.7	1.81931	2.72896
R	11.3235	-0.30085	0.302095	1477010508119661	10.9	-3.4	0.999745	2.99928
R	11.3417	-0.277495	1.37716	1477010508224689	11.05	-3.15	1.81764	1.81765
R	11.5166	-0.252737	0.253884	1477010508334672	11.2	-2.9	0.909657	2.72896
R	11.5547	-0.225803	-1.5427	1477010508439703	11.2	-2.6	-0.998725	2.99617
R	11.4655	-0.201037	0.457362	1477010508544784	11.2	-2.3	0.908813	2.72643
R	11.3365	-0.175531	0.442173	1477010508654756	11.3	-2	0.909855	2.72956
