8.44818	0.251553	0	0	0	8.44818	0.251553	8.45	0.25	-3.00027	0	0
8.45574	0.253943	0.0377758	-2.41707e-17	1.00289e-18	8.45582	0.253997	8.45	0.25	0	0	3.46692e-05
8.24686	0.251578	-1.78461	-0.000260367	-5.27485e-05	8.23962	0.24916	8.25	0.25	-1.81978	0	0.0708867
7.89468	0.207469	-3.02823	0.221821	0.067994	7.84073	0.159858	7.85	0.15	-3.99972	-0.99993	0.914954
7.58894	0.164246	-3.4822	0.180291	0.0489138	7.54016	0.159641	7.55	0.15	-2.99982	0	0.37947
7.31697	0.0456494	-3.35309	0.299042	0.113687	7.3426	0.0345312	7.35	0.0500011	-1.81648	-0.90823	0.120455
7.02365	-0.0577441	-3.23566	0.320557	0.128557	7.05406	-0.0533413	7.05	-0.0499992	-2.72849	-0.909499	0.0960646
6.78126	-0.231373	-3.07892	0.444691	0.329233	6.84972	-0.258748	6.85	-0.25	-1.81896	-1.81897	0.567175
6.58135	-0.427394	-2.99133	0.594814	0.573809	6.64329	-0.462604	6.65	-0.449999	-2.00076	-2.00075	0.506257
6.44804	-0.642035	-2.8535	0.780679	0.847664	6.56029	-0.650892	6.55	-0.65	-0.99884	-1.99769	1.08399
6.36252	-0.982957	-2.81387	1.11601	1.3083	6.45805	-1.05268	6.45	-1.05	-0.908739	-3.63494	1.49162
6.25189	-1.25676	-2.8075	1.2563	1.30312	6.25499	-1.25007	6.25	-1.25	-1.81896	-1.81896	0.00378069
6.28471	-1.60732	-2.81812	1.55848	1.55125	6.36328	-1.65656	6.35	-1.65	0.909727	-3.63891	0.874476
6.2792	-1.89992	-2.85207	1.69374	1.51652	6.24641	-1.95075	6.25	-1.95	-0.999489	-2.99847	0.237317
6.3428	-2.19221	-2.87745	1.85894	1.53111	6.34644	-2.23829	6.35	-2.25	0.999979	-2.99994	0.132563
6.40337	-2.50102	-2.89329	1.96935	1.45123	6.34927	-2.55175	6.35	-2.55	0	-2.72611	0.415651
6.4908	-2.79986	-2.89801	2.06748	1.37132	6.43257	-2.84245	6.45	-2.85	0.909503	-2.72851	0.419582
6.54867	-3.08044	-2.89602	2.10406	1.24365	6.44119	-3.14955	6.45	-3.15	0	-2.99754	1.3045
6.64118	-3.38356	-2.89411	2.15048	1.1295	6.5453	-3.45745	6.55	-3.45	0.910402	-2.7312	1.16224
6.79245	-3.67454	-2.91156	2.22852	1.06762	6.76011	-3.75457	6.75	-3.75	1.81721	-2.72581	0.52261
6.93335	-3.96765	-2.91707	2.26881	0.967157	6.85997	-4.05805	6.85	-4.05	0.907976	-2.72393	1.04036
7.05853	-4.26178	-2.90477	2.27599	0.840062	6.94332	-4.34473	6.95	-4.35	0.90933	-2.72799	1.5957
7.18238	-4.53155	-2.86424	2.28197	0.732477	7.04099	-4.55018	7.05	-4.55	0.910054	-1.8201	1.51675
7.29608	-4.81443	-2.82986	2.26255	0.605378	7.14735	-4.86125	7.15	-4.85	0.908297	-2.72489	1.85492
7.42014	-5.09765	-2.80945	2.24318	0.495079	7.30424	-5.15404	7.35	-5.15	1.81907	-2.72861	1.28542
7.54573	-5.38608	-2.79847	2.21631	0.390134	7.44737	-5.45308	7.45	-5.45	0.90819	-2.72457	1.10491
7.69809	-5.64695	-2.78833	2.22125	0.341509	7.64356	-5.66706	7.65	-5.65	1.81972	-1.81972	0.257473
7.82569	-5.92061	-2.7723	2.19504	0.259941	7.7342	-5.95374	7.75	-5.95	0.909826	-2.72948	0.720978
7.96922	-6.17537	-2.78847	2.18714	0.216175	7.95703	-6.24328	7.95	-6.25	1.99858	-2.99787	0.324057
8.14913	-6.43027	-2.79769	2.20673	0.210723	8.15891	-6.45335	8.15	-6.45	1.81737	-1.81737	0.0372737
8.29787	-6.70365	-2.80011	2.18707	0.15583	8.25411	-6.74791	8.25	-6.75	0.909293	-2.72787	0.299957
8.46433	-6.95617	-2.79604	2.19253	0.140931	8.44494	-6.95805	8.45	-6.95	1.81993	-1.81993	0.0276691
8.59404	-7.20652	-2.79713	2.16751	0.0908688	8.54925	-7.24433	8.55	-7.25	1.00006	-3.00018	0.262965
8.73638	-7.46814	-2.81916	2.14772	0.0538577	8.73559	-7.5421	8.75	-7.55	1.99808	-2.99712	0.350807
8.88064	-7.73935	-2.8163	2.12782	0.0205678	8.84538	-7.75497	8.85	-7.75	0.909946	-1.81988	0.113681
8.99859	-8.00032	-2.81985	2.0944	-0.0251885	8.95966	-8.0381	8.95	-8.05	0.999095	-2.9973	0.222799
9.11971	-8.26823	-2.79931	2.06578	-0.0590757	9.05896	-8.24314	9.05	-8.25	0.909301	-1.81859	0.277644
9.21208	-8.53099	-2.79352	2.02041	-0.110309	9.15332	-8.54857	9.15	-8.55	1.00038	-3.00117	0.28249
9.30898	-8.80368	-2.76995	1.98194	-0.145254	9.24541	-8.76863	9.25	-8.75	0.9095	-1.81899	0.333529
9.42092	-9.08018	-2.79897	1.96058	-0.152865	9.44703	-9.15328	9.45	-9.15	1.99964	-3.99928	0.349804
9.52991	-9.34036	-2.80476	1.94892	-0.147903	9.54157	-9.35195	9.55	-9.35	0.999584	-1.99917	0.0161056
9.59572	-9.61825	-2.80834	1.89706	-0.195979	9.54779	-9.64959	9.55	-9.65	0	-3.0002	0.246077
9.66518	-9.89847	-2.8181	1.857	-0.222198	9.64606	-9.9341	9.65	-9.95	0.998995	-2.997	0.111454
9.74754	-10.181	-2.80196	1.83617	-0.218319	9.73801	-10.1396	9.75	-10.15	0.909847	-1.81969	0.104774
9.79133	-10.4592	-2.80302	1.78839	-0.252056	9.75524	-10.4732	9.75	-10.45	0	-3.00063	0.114249
9.8524	-10.7575	-2.801	1.7603	-0.252603	9.85048	-10.7526	9.85	-10.75	0.908161	-2.72448	0.00160896
9.87731	-11.057	-2.79143	1.70713	-0.286036	9.83614	-11.041	9.85	-11.05	0	-2.73073	0.139221
9.8834	-11.3386	-2.79297	1.65211	-0.320136	9.84568	-11.3496	9.85	-11.35	0	-2.99961	0.11815
9.87261	-11.6208	-2.79455	1.59264	-0.355619	9.83206	-11.6307	9.85	-11.65	0	-2.99843	0.13182
9.82402	-11.8881	-2.77573	1.51174	-0.415861	9.74928	-11.8442	9.75	-11.85	-1.00029	-2.00059	0.518046
9.74168	-12.1609	-2.77059	1.41333	-0.490316	9.65354	-12.1497	9.65	-12.15	-1.00039	-3.00116	0.587912
9.63339	-12.4118	-2.74824	1.30823	-0.565586	9.54859	-12.3478	9.55	-12.35	-0.999884	-1.99979	0.77698
9.47463	-12.6414	-2.72005	1.17168	-0.673103	9.36086	-12.5501	9.35	-12.55	-1.99804	-1.99804	1.48115
9.29167	-12.8697	-2.6866	1.0348	-0.759406	9.22134	-12.7613	9.25	-12.75	-0.909773	-1.81954	1.11679
9.02111	-13.042	-2.67784	0.826904	-0.932113	8.84161	-12.9519	8.85	-12.95	-3.99253	-1.99627	3.00156
8.74251	-13.1803	-2.64729	0.632917	-1.05626	8.66358	-13.0431	8.65	-13.05	-1.8213	-0.910651	1.76086
8.45343	-13.2617	-2.6383	0.434513	-1.17792	8.35763	-13.1557	8.35	-13.15	-2.997	-0.998995	1.4964
8.12095	-13.2829	-2.6305	0.199505	-1.31575	8.03583	-13.1513	8.05	-13.15	-2.72742	0	1.8173
7.80569	-13.258	-2.62733	-0.0149347	-1.40634	7.76538	-13.1647	7.75	-13.15	-2.72986	0	0.768036
7.52423	-13.2362	-2.65422	-0.162705	-1.408	7.44786	-13.2517	7.45	-13.25	-2.9979	-0.999304	0.345265
7.22722	-13.1935	-2.67876	-0.293283	-1.37007	7.16011	-13.2382	7.15	-13.25	-2.72844	0	0.390387
6.95107	-13.1197	-2.71341	-0.409245	-1.33373	6.84891	-13.1493	6.85	-13.15	-2.99784	0.999284	0.656803
6.65723	-13.0214	-2.74333	-0.511799	-1.2697	6.55759	-13.0679	6.55	-13.05	-2.72787	0.909284	0.760804
6.36153	-12.9447	-2.75921	-0.555887	-1.1437	6.26174	-13.0534	6.25	-13.05	-2.72678	0	1.59637
6.05906	-12.854	-2.77791	-0.585981	-1.01786	5.94198	-12.9494	5.95	-12.95	-2.72963	0.90988	1.6707
5.78451	-12.7218	-2.8171	-0.63826	-0.947817	5.65107	-12.7365	5.65	-12.75	-2.99778	1.99852	1.13705
5.50634	-12.5827	-2.81973	-0.677587	-0.863857	5.43839	-12.652	5.45	-12.65	-1.81799	0.908995	0.71889
5.2253	-12.4247	-2.83563	-0.711099	-0.78236	5.1307	-12.4684	5.15	-12.45	-2.72625	1.8175	0.786545
4.9753	-12.2329	-2.84371	-0.768844	-0.744899	4.92985	-12.2499	4.95	-12.25	-1.81991	1.8199	0.170036
4.77028	-12.0441	-2.84004	-0.827204	-0.724257	4.75915	-12.0666	4.75	-12.05	-1.99928	1.99928	0.0478744
4.59955	-11.779	-2.83929	-0.94462	-0.773483	4.64378	-11.7442	4.65	-11.75	-0.908231	2.7247	0.243322
4.46535	-11.5256	-2.80471	-1.05137	-0.805631	4.54975	-11.5706	4.55	-11.55	-0.909843	1.81969	0.552199
4.38442	-11.2305	-2.81888	-1.19356	-0.884421	4.44059	-11.1496	4.45	-11.15	-1.0008	4.00321	0.722783
4.34735	-10.9227	-2.79769	-1.34861	-0.962563	4.45136	-10.93	4.45	-10.95	0	1.81612	0.764912
4.35761	-10.6168	-2.77354	-1.50954	-1.0379	4.45788	-10.6457	4.45	-10.65	0	2.72554	0.751758
4.38955	-10.3162	-2.76097	-1.65342	-1.07869	4.44057	-10.3382	4.45	-10.35	0	2.72898	0.213719
4.48049	-10.0213	-2.7502	-1.81724	-1.13898	4.54925	-10.0439	4.55	-10.05	0.908954	2.72685	0.383062
4.59943	-9.73936	-2.74735	-1.96896	-1.17366	4.63755	-9.74952	4.65	-9.75	0.909752	2.72926	0.117494
4.73823	-9.4693	-2.751	-2.10239	-1.17837	4.74589	-9.4609	4.75	-9.45	0.908586	2.72576	0.00816224
4.91888	-9.20346	-2.77726	-2.23772	-1.18027	4.94849	-9.13867	4.95	-9.15	1.81967	2.72951	0.293694
5.07555	-8.98103	-2.78077	-2.32622	-1.14158	5.04121	-8.94979	5.05	-8.95	0.999874	1.99974	0.159035
5.27479	-8.73271	-2.80752	-2.41286	-1.08604	5.26887	-8.63564	5.25	-8.65	1.81803	2.72705	0.604232
5.46545	-8.5162	-2.82632	-2.47639	-1.0242	5.44864	-8.42738	5.45	-8.45	1.99954	1.99954	0.55246
5.64969	-8.29179	-2.80463	-2.51121	-0.927162	5.53862	-8.24357	5.55	-8.25	0.909045	1.81808	1.09461
5.87179	-8.06225	-2.82114	-2.54912	-0.841659	5.85094	-7.95601	5.85	-7.95	2.72606	2.72606	0.846349
6.09533	-7.83666	-2.82942	-2.57156	-0.749832	6.05986	-7.73559	6.05	-7.75	1.81802	1.81801	0.868516
6.31672	-7.62137	-2.82281	-2.58561	-0.662075	6.25659	-7.54336	6.25	-7.55	1.81798	1.81798	0.759277
6.53449	-7.41825	-2.80266	-2.59515	-0.582315	6.452	-7.36418	6.45	-7.35	1.82025	1.82025	0.734667
6.75881	-7.23021	-2.81602	-2.60585	-0.519771	6.7556	-7.14598	6.75	-7.15	2.99862	1.99908	0.507811
6.96849	-7.01737	-2.79009	-2.58519	-0.420554	6.86356	-6.94732	6.85	-6.95	0.908	1.81601	1.18189
7.19949	-6.81485	-2.78562	-2.57903	-0.353046	7.15695	-6.75136	7.15	-6.75	2.72854	1.81902	0.453678
7.42045	-6.61251	-2.77135	-2.5635	-0.283551	7.35505	-6.56058	7.35	-6.55	1.82018	1.82018	0.528285
7.6538	-6.46542	-2.77255	-2.59215	-0.2839	7.65664	-6.46417	7.65	-6.45	2.99964	0.999884	0.000561736
7.9003	-6.32363	-2.74963	-2.62636	-0.288242	7.85193	-6.35845	7.85	-6.35	1.81709	0.908545	0.20692
8.1531	-6.16506	-2.74777	-2.6411	-0.266548	8.13749	-6.14586	8.15	-6.15	2.72928	1.81952	0.0472525
8.37065	-5.99931	-2.74559	-2.62604	-0.213079	8.33626	-5.94674	8.35	-5.95	1.99977	1.99976	0.300241
8.64086	-5.86003	-2.75116	-2.65739	-0.223094	8.65894	-5.86309	8.65	-5.85	2.72796	0.909321	0.0220791
8.88661	-5.68826	-2.74834	-2.64327	-0.173685	8.85444	-5.64273	8.85	-5.65	1.81774	1.81773	0.240488
9.09827	-5.51412	-2.74306	-2.60997	-0.108905	9.05088	-5.45385	9.05	-5.45	1.99654	1.99655	0.445485
9.3499	-5.34848	-2.74448	-2.60595	-0.0884276	9.34223	-5.32623	9.35	-5.35	2.72727	0.90909	0.0424154
9.58715	-5.16763	-2.73951	-2.58216	-0.0456191	9.55303	-5.13194	9.55	-5.15	1.81813	1.81813	0.186605
9.81045	-4.97314	-2.72997	-2.54335	0.0102948	9.7586	-4.93134	9.75	-4.95	1.82036	1.82037	0.334626
10.0222	-4.77326	-2.71391	-2.50002	0.0642229	9.95641	-4.74358	9.95	-4.75	1.81575	1.81575	0.374635
10.2114	-4.53186	-2.70826	-2.41907	0.158118	10.1428	-4.45119	10.15	-4.45	1.8204	2.7306	0.870295
10.3953	-4.26679	-2.72145	-2.3305	0.247688	10.3644	-4.16342	10.35	-4.15	1.81768	2.7265	0.878277
10.5695	-4.00764	-2.72802	-2.25719	0.305553	10.5415	-3.9454	10.55	-3.95	1.8179	1.8179	0.35486
10.7542	-3.76702	-2.7345	-2.21866	0.311311	10.7616	-3.75002	10.75	-3.75	1.81902	1.81903	0.0209433
10.8973	-3.49799	-2.73302	-2.14389	0.362675	10.8527	-3.46164	10.85	-3.45	0.909764	2.72928	0.257673
11.0316	-3.23403	-2.75857	-2.08141	0.393762	11.0447	-3.1561	11.05	-3.15	1.9995	2.99925	0.38879
11.1529	-2.93495	-2.77782	-2.00454	0.434622	11.1427	-2.86566	11.15	-2.85	0.907708	2.72314	0.328743
11.2566	-2.6255	-2.80075	-1.9278	0.469282	11.2525	-2.55311	11.25	-2.55	0.908929	2.72678	0.338079
11.2728	-2.29872	-2.79704	-1.79103	0.5781	11.1594	-2.25598	11.15	-2.25	-0.909276	2.72782	1.14328
11.3362	-1.98998	-2.81058	-1.72982	0.573529	11.3525	-1.95787	11.35	-1.95	1.81913	2.72869	0.0755035
11.3565	-1.67997	-2.81182	-1.64872	0.596457	11.3326	-1.67041	11.35	-1.65	0	2.73033	0.0518183
11.3229	-1.38652	-2.81822	-1.54346	0.654045	11.2595	-1.35818	11.25	-1.35	-0.999155	2.99745	0.365019
11.2416	-1.09465	-2.7922	-1.41612	0.728729	11.1524	-1.15803	11.15	-1.15	-0.909822	1.81964	0.818414
11.0933	-0.800074	-2.8199	-1.25333	0.840704	10.9584	-0.728742	10.95	-0.75	-1.99816	3.99632	1.67897
10.9333	-0.524268	-2.81342	-1.11247	0.904335	10.8648	-0.553034	10.85	-0.549999	-0.908532	1.81708	0.413772
10.7265	-0.283995	-2.79875	-0.953923	0.983454	10.6542	-0.347474	10.65	-0.35	-1.8174	1.81738	0.674136
10.4534	-0.0854505	-2.79434	-0.758218	1.09766	10.3438	-0.150982	10.35	-0.15	-2.72796	1.81864	1.24778
10.1821	0.0597598	-2.76773	-0.581495	1.17586	10.1537	-0.0482457	10.15	-0.0499992	-1.81963	0.909818	0.843145
9.88236	0.148642	-2.74503	-0.387264	1.26505	9.85676	0.0351738	9.85	0.0500011	-2.73047	0.910161	0.945871
9.56354	0.167213	-2.7236	-0.170868	1.36972	9.54669	0.0374948	9.55	0.0500011	-2.72438	0	1.21692
9.25868	0.17792	-2.72495	-0.000992756	1.39416	9.24446	0.153574	9.25	0.15	-2.7277	0.909222	0.0600682
8.96455	0.196005	-2.73547	0.113575	1.34131	8.94752	0.260272	8.95	0.25	-2.72653	0.908843	0.311584
8.69507	0.193483	-2.71189	0.206673	1.27721	8.76016	0.263752	8.75	0.25	-1.81846	0	0.641475
8.39793	0.171032	-2.72413	0.29049	1.2015	8.35367	0.252596	8.35	0.25	-3.6326	0	0.620607
8.10106	0.144353	-2.73107	0.347212	1.10364	8.05411	0.247878	8.05	0.25	-2.72842	0	0.968838
7.80328	0.0782877	-2.74386	0.415427	1.03342	7.74339	0.144028	7.75	0.15	-2.72705	-0.909016	0.569776
7.51134	-0.0112798	-2.75485	0.480184	0.969429	7.45362	0.0452052	7.45	0.0500011	-2.73169	-0.910554	0.473537
7.23739	-0.0730565	-2.75963	0.498145	0.867416	7.16618	0.0287673	7.15	0.0500011	-2.9979	0	1.15191
6.96789	-0.195767	-2.75384	0.560258	0.825312	6.95426	-0.147757	6.95	-0.15	-1.8181	-1.81811	0.190264
6.73107	-0.36192	-2.73912	0.651273	0.827215	6.76395	-0.345347	6.75	-0.35	-1.81645	-1.81645	0.0790023
6.51566	-0.561814	-2.73068	0.755238	0.844964	6.54569	-0.565853	6.55	-0.549999	-1.81899	-1.81898	0.0602304
6.3656	-0.847748	-2.7309	0.93366	0.955106	6.4494	-0.940848	6.45	-0.949999	-0.909781	-3.63911	1.20665
6.27197	-1.14661	-2.74419	1.11649	1.06585	6.34405	-1.26138	6.35	-1.25	-1.0002	-3.00061	1.37425
6.19754	-1.41419	-2.73632	1.25685	1.11098	6.25356	-1.42931	6.25	-1.45	-1.00036	-2.00072	0.239805
6.17161	-1.70622	-2.74001	1.41884	1.17607	6.23547	-1.75335	6.25	-1.75	0	-2.99285	0.464002
6.22629	-2.0293	-2.73325	1.63066	1.28481	6.34873	-2.05372	6.35	-2.05	0.909735	-2.72921	1.15894
6.30772	-2.33187	-2.73211	1.81442	1.3401	6.36917	-2.33894	6.35	-2.35	0	-2.72779	0.288348
6.37753	-2.64095	-2.76559	1.9396	1.30324	6.34287	-2.73391	6.35	-2.75	0	-3.63689	0.582426
6.47438	-2.94912	-2.80367	2.04747	1.24828	6.43866	-3.06257	6.45	-3.05	0.908859	-2.72658	0.859257
6.5863	-3.2469	-2.83	2.13181	1.17415	6.53579	-3.34211	6.55	-3.35	0.908855	-2.72655	0.776543
6.70868	-3.54199	-2.85087	2.19352	1.08319	6.64657	-3.63945	6.65	-3.65	0.908702	-2.72611	0.950714
6.82895	-3.84531	-2.87014	2.22324	0.965043	6.74885	-3.96368	6.75	-3.95	0.909561	-2.72869	1.50606
6.95056	-4.14841	-2.87844	2.23482	0.842283	6.85796	-4.25464	6.85	-4.25	0.908561	-2.72569	1.52512
7.09914	-4.44726	-2.89607	2.25441	0.746073	7.04679	-4.55716	7.05	-4.55	1.81822	-2.72732	1.08757
7.22831	-4.75205	-2.89814	2.24217	0.624378	7.13435	-4.85502	7.15	-4.85	0.910837	-2.73251	1.51268
7.35023	-5.00832	-2.88076	2.23916	0.541	7.25317	-5.04605	7.25	-5.05	1.00033	-2.00066	0.819979
7.48914	-5.27252	-2.88637	2.23709	0.467237	7.43604	-5.34825	7.45	-5.35	1.9976	-2.9964	0.635488
7.63829	-5.54327	-2.86972	2.23597	0.399217	7.55662	-5.56714	7.55	-5.55	0.908244	-1.81648	0.540861
7.80583	-5.80974	-2.8673	2.24402	0.35237	7.76459	-5.8425	7.75	-5.85	1.81785	-2.72677	0.216099
7.95367	-6.06253	-2.83609	2.23939	0.296788	7.85921	-6.04502	7.85	-6.05	0.909073	-1.81815	0.619108
8.11043	-6.32904	-2.83046	2.22911	0.241191	8.05619	-6.36041	8.05	-6.35	1.81969	-2.72953	0.306002
8.27798	-6.59963	-2.83857	2.22165	0.197062	8.25446	-6.64851	8.25	-6.65	1.81869	-2.72804	0.219336
8.41436	-6.85695	-2.80862	2.19771	0.138618	8.31728	-6.8399	8.35	-6.85	0.908979	-1.81795	0.654755
8.53568	-7.13368	-2.79134	2.15281	0.0614373	8.44183	-7.15372	8.45	-7.15	0.909102	-2.72732	0.687655
8.68004	-7.41689	-2.80255	2.12601	0.0185662	8.65899	-7.4699	8.65	-7.45	1.81752	-2.72628	0.236027
8.81753	-7.67262	-2.78136	2.11218	-0.00210209	8.76769	-7.64094	8.75	-7.65	0.908607	-1.81721	0.213915
8.96557	-7.93944	-2.78329	2.10217	-0.0145388	8.95669	-7.95155	8.95	-7.95	1.82148	-2.73221	0.0170756
9.08152	-8.20048	-2.79098	2.0709	-0.0524508	9.05476	-8.24211	9.05	-8.25	0.999015	-2.99704	0.17925
9.19607	-8.47038	-2.77339	2.03983	-0.0853058	9.14025	-8.44981	9.15	-8.45	0.908268	-1.81655	0.231822
9.29888	-8.753	-2.76688	1.99865	-0.126188	9.25031	-8.76071	9.25	-8.75	0.910112	-2.73033	0.181855
9.39062	-9.03944	-2.76093	1.95419	-0.165474	9.34431	-9.04587	9.35	-9.05	0.909524	-2.72856	0.165115
9.46787	-9.31852	-2.7754	1.90855	-0.20203	9.4452	-9.37195	9.45	-9.35	0.999075	-2.99724	0.230125
9.55644	-9.61734	-2.78527	1.87459	-0.216589	9.55098	-9.64789	9.55	-9.65	0.909706	-2.7291	0.0614858
9.62765	-9.8977	-2.8001	1.84016	-0.23221	9.62408	-9.94149	9.65	-9.95	1.00046	-3.00141	0.118297
9.71793	-10.1598	-2.79995	1.83621	-0.207336	9.7457	-10.1502	9.75	-10.15	0.998775	-1.99754	0.0652912
9.78312	-10.4557	-2.79608	1.80309	-0.22085	9.76557	-10.4501	9.75	-10.45	0	-2.72849	0.0239174
9.85005	-10.7534	-2.79626	1.77914	-0.220396	9.85066	-10.7537	9.85	-10.75	0.909012	-2.72703	3.30196e-05
9.88381	-11.0336	-2.80053	1.73666	-0.24659	9.85693	-11.0512	9.85	-11.05	0	-3.00316	0.0770749
9.89103	-11.3229	-2.80954	1.67694	-0.291516	9.84407	-11.3565	9.85	-11.35	0	-3.00012	0.243676
9.88374	-11.6141	-2.81904	1.61539	-0.332998	9.83943	-11.6467	9.85	-11.65	0	-2.99592	0.218198
9.83306	-11.9087	-2.79386	1.52574	-0.403544	9.74774	-11.8511	9.75	-11.85	-0.908731	-1.81746	0.726604
9.74178	-12.1989	-2.77173	1.41604	-0.489964	9.64482	-12.1455	9.65	-12.15	-0.909582	-2.72873	0.881747
9.62895	-12.4868	-2.76175	1.30751	-0.561452	9.55167	-12.4583	9.55	-12.45	-0.908879	-2.72665	0.513079
9.4613	-12.741	-2.73181	1.16715	-0.665976	9.359	-12.6499	9.35	-12.65	-1.82005	-1.82005	1.336
9.21198	-12.9376	-2.70916	0.966119	-0.841728	9.028	-12.8337	9.05	-12.85	-3.00048	-2.00033	3.31043
8.94599	-13.1093	-2.67414	0.773838	-0.975194	8.84257	-12.9684	8.85	-12.95	-1.81542	-0.907708	2.15426
8.65126	-13.2441	-2.66096	0.574775	-1.09551	8.55319	-13.1445	8.55	-13.15	-2.73135	-1.82089	1.45153
8.34961	-13.2941	-2.64237	0.358751	-1.23583	8.25965	-13.1488	8.25	-13.15	-2.9968	0	2.11116
8.02923	-13.3248	-2.64628	0.15417	-1.32282	7.95841	-13.2508	7.95	-13.25	-2.72705	-0.90902	0.776066
7.70471	-13.303	-2.66372	-0.0493132	-1.39258	7.62489	-13.249	7.65	-13.25	-2.7295	0	0.653497
7.41866	-13.2573	-2.6886	-0.209533	-1.41253	7.3419	-13.2474	7.35	-13.25	-2.99994	0	0.354828
7.11854	-13.1671	-2.71283	-0.373966	-1.41733	7.04935	-13.1606	7.05	-13.15	-2.72695	0.908987	0.27614
6.80691	-13.0916	-2.76248	-0.47183	-1.32931	6.65123	-13.1604	6.65	-13.15	-3.63709	0	1.77023
6.51903	-12.9956	-2.81317	-0.549958	-1.24607	6.35317	-13.0396	6.35	-13.05	-3.0006	1.00019	1.78709
6.22381	-12.9171	-2.81498	-0.581495	-1.10991	6.14459	-13.0471	6.15	-13.05	-1.81729	0	1.76612
5.93978	-12.7843	-2.82654	-0.644133	-1.03142	5.86379	-12.8408	5.85	-12.85	-2.72861	1.81907	0.657851
5.66558	-12.6726	-2.84246	-0.665072	-0.922825	5.55118	-12.7486	5.55	-12.75	-2.99985	0.999954	1.36999
5.41212	-12.5521	-2.83475	-0.688165	-0.834122	5.35556	-12.6423	5.35	-12.65	-1.99998	0.999994	0.860228
5.17775	-12.3947	-2.83464	-0.735678	-0.787029	5.13769	-12.4355	5.15	-12.45	-1.9973	1.9973	0.244515
4.94797	-12.2021	-2.82316	-0.798795	-0.75756	4.94432	-12.2438	4.95	-12.25	-1.82058	1.82058	0.124821
4.76063	-11.9827	-2.83339	-0.882452	-0.766936	4.75047	-11.9578	4.75	-11.95	-1.9998	2.9997	0.0446938
4.6069	-11.7521	-2.82555	-0.974281	-0.787797	4.63967	-11.7513	4.65	-11.75	-1.00001	2.00002	0.0715901
4.49904	-11.487	-2.81965	-1.09809	-0.848093	4.56619	-11.4576	4.55	-11.45	-0.99896	2.99689	0.394234
4.41695	-11.2001	-2.82981	-1.22707	-0.905583	4.46017	-11.1425	4.45	-11.15	-1.00106	3.00319	0.380919
4.36489	-10.9089	-2.80234	-1.35576	-0.947883	4.43803	-10.9525	4.45	-10.95	0	1.81679	0.451832
4.36909	-10.6329	-2.78089	-1.49564	-1.01072	4.45507	-10.6618	4.45	-10.65	0	3.00138	0.555395
4.3934	-10.3733	-2.75109	-1.62119	-1.04795	4.45187	-10.4417	4.45	-10.45	0	2.00038	0.48879
4.47307	-10.1056	-2.73729	-1.77465	-1.1143	4.55349	-10.1343	4.55	-10.15	0.999574	2.99871	0.512926
4.55458	-9.82297	-2.73056	-1.90023	-1.1195	4.55922	-9.84124	4.55	-9.85	0	2.72714	0.0207533
4.69919	-9.54685	-2.73795	-2.0531	-1.15694	4.7439	-9.53522	4.75	-9.55	1.81929	2.72894	0.157232
4.83789	-9.29722	-2.75845	-2.16365	-1.14619	4.8446	-9.24095	4.85	-9.25	1.00005	3.00015	0.185043
5.0078	-9.06881	-2.77343	-2.27819	-1.14312	5.02283	-9.03066	5.05	-9.05	2.00004	2.00004	0.096081
5.16689	-8.8294	-2.79818	-2.34669	-1.07841	5.14109	-8.73073	5.15	-8.75	0.999689	2.99907	0.678635
5.37772	-8.60589	-2.80552	-2.44263	-1.04745	5.36408	-8.56805	5.35	-8.55	1.81846	1.81846	0.113314
5.56197	-8.37628	-2.83102	-2.48141	-0.956895	5.53874	-8.25196	5.55	-8.25	2.00066	3.00099	1.09411
5.76186	-8.15908	-2.8513	-2.51968	-0.878509	5.7459	-8.05196	5.75	-8.05	1.9995	1.9995	0.809202
5.94135	-7.95037	-2.83688	-2.5337	-0.783594	5.84978	-7.88144	5.85	-7.85	0.999939	1.99988	0.984378
6.12333	-7.7352	-2.82695	-2.53352	-0.681293	6.04031	-7.64732	6.05	-7.65	1.99771	1.9977	1.10292
6.32829	-7.51483	-2.80764	-2.53801	-0.590595	6.23866	-7.45306	6.25	-7.45	1.8199	1.81991	0.892036
6.55001	-7.32275	-2.8232	-2.55968	-0.540129	6.55461	-7.24907	6.55	-7.25	2.99605	1.99736	0.373307
6.79194	-7.15372	-2.80656	-2.60263	-0.519728	6.74664	-7.15616	6.75	-7.15	1.8206	0.910298	0.130912
7.00632	-6.98996	-2.7932	-2.61928	-0.474178	6.95342	-6.96092	6.95	-6.95	1.99846	1.99846	0.263682
7.25696	-6.79873	-2.8034	-2.62633	-0.41458	7.24929	-6.7261	7.25	-6.75	2.72688	1.81792	0.392267
7.49919	-6.60881	-2.80118	-2.62281	-0.350733	7.46332	-6.54842	7.45	-6.55	1.81821	1.81821	0.384657
7.73488	-6.45374	-2.77021	-2.63954	-0.323712	7.65373	-6.46481	7.65	-6.45	1.81726	0.908632	0.411713
7.98736	-6.32033	-2.7497	-2.67433	-0.323421	7.94162	-6.34466	7.95	-6.35	2.72948	0.909826	0.156934
8.19805	-6.1714	-2.72851	-2.66696	-0.273165	8.12355	-6.14389	8.15	-6.15	2.00048	2.00048	0.43197
8.45637	-6.01257	-2.73421	-2.67114	-0.239815	8.45315	-5.97158	8.45	-5.95	2.727	1.818	0.12522
8.67949	-5.86637	-2.72669	-2.66471	-0.201014	8.64207	-5.83392	8.65	-5.85	2.00128	1.00064	0.180057
8.91953	-5.70936	-2.74476	-2.65444	-0.161631	8.94256	-5.64534	8.95	-5.65	2.99961	1.99974	0.304644
9.14969	-5.53462	-2.75924	-2.62413	-0.101509	9.15342	-5.45253	9.15	-5.45	1.997	1.99701	0.477304
9.38297	-5.32495	-2.76251	-2.57032	-0.017724	9.34852	-5.23619	9.35	-5.25	1.8166	1.81659	0.692965
9.59992	-5.11101	-2.7543	-2.51316	0.0583806	9.54207	-5.04728	9.55	-5.05	1.82219	1.82219	0.568376
9.8002	-4.94112	-2.73748	-2.49041	0.0805554	9.75	-4.94288	9.75	-4.95	1.99605	0.998028	0.157503
10.0102	-4.75223	-2.71422	-2.46223	0.106154	9.94502	-4.76247	9.95	-4.75	1.81894	1.81894	0.267282
10.1987	-4.51552	-2.70871	-2.39044	0.18329	10.1384	-4.4533	10.15	-4.45	1.81965	2.72948	0.579086
10.3879	-4.28746	-2.70342	-2.33795	0.22479	10.3492	-4.25956	10.35	-4.25	1.81908	1.81907	0.17363
10.5547	-4.0466	-2.72493	-2.27218	0.278842	10.5557	-3.96034	10.55	-3.95	2.0006	3.0009	0.505719
10.7223	-3.81008	-2.74551	-2.22283	0.304974	10.7394	-3.74821	10.75	-3.75	1.99962	1.99962	0.256105
10.862	-3.54034	-2.7736	-2.1439	0.365208	10.8596	-3.4348	10.85	-3.45	0.999834	2.99949	0.735855
11.0164	-3.294	-2.79368	-2.10685	0.364295	11.0504	-3.25128	11.05	-3.25	2.00064	2.00064	0.170806
11.1452	-3.02168	-2.8196	-2.04621	0.393466	11.1569	-2.944	11.15	-2.95	0.998526	2.9956	0.377607
11.2204	-2.70619	-2.82205	-1.93553	0.48072	11.141	-2.65084	11.15	-2.65	0	2.73102	0.722923
11.2595	-2.41337	-2.78762	-1.82925	0.553186	11.1497	-2.45904	11.15	-2.45	0	1.81785	0.930672
11.3304	-2.12258	-2.8164	-1.77262	0.551615	11.3591	-2.05184	11.35	-2.05	1.99733	3.99465	0.33596
11.3724	-1.8297	-2.80059	-1.70569	0.561535	11.3504	-1.8663	11.35	-1.85	0	1.81853	0.106885
11.3846	-1.52519	-2.79579	-1.62621	0.584999	11.3568	-1.53205	11.35	-1.55	0	2.72762	0.0600316
11.3292	-1.22051	-2.78324	-1.5046	0.660284	11.2429	-1.24238	11.25	-1.25	-0.908846	2.72653	0.591407
11.1939	-0.916794	-2.77761	-1.33508	0.785788	11.0544	-0.927069	11.05	-0.949999	-1.82013	2.73021	1.51451
11.0464	-0.650087	-2.78403	-1.18839	0.872658	10.9434	-0.640459	10.95	-0.65	-1.00035	3.00104	0.808878
10.8589	-0.395465	-2.80373	-1.03295	0.957623	10.7471	-0.362528	10.75	-0.35	-2.00002	3.00003	0.972707
10.6256	-0.179634	-2.78366	-0.859214	1.05016	10.547	-0.266677	10.55	-0.25	-1.81778	0.908893	0.978503
10.3609	-0.0111873	-2.79148	-0.677433	1.14843	10.2485	-0.0475524	10.25	-0.0499992	-3.0006	2.00041	1.03836
10.0827	0.0846285	-2.76481	-0.484235	1.25644	10.0313	-0.0518611	10.05	-0.0499992	-1.99644	0	1.45986
9.77361	0.149841	-2.74809	-0.283953	1.34194	9.74695	0.0464954	9.75	0.0500011	-2.73174	0.910584	0.803121
9.48883	0.18404	-2.75132	-0.119569	1.38034	9.45825	0.149456	9.45	0.15	-2.99545	0.998471	0.156969
9.19918	0.179182	-2.73152	0.0444394	1.40168	9.24456	0.139817	9.25	0.15	-1.81962	0	0.21072
8.9423	0.189499	-2.72733	0.141845	1.34688	8.96281	0.250937	8.95	0.25	-3.0006	1.0002	0.310588
8.67549	0.177203	-2.73389	0.233448	1.28886	8.65606	0.24536	8.65	0.25	-2.99994	0	0.358974
8.3996	0.158773	-2.74963	0.301805	1.20564	8.34184	0.250769	8.35	0.25	-2.9932	0	0.818254
8.0971	0.139053	-2.75812	0.346363	1.08918	8.03847	0.260731	8.05	0.25	-2.73234	0	1.34886
7.81528	0.0834738	-2.77884	0.400975	1.01479	7.73327	0.149199	7.75	0.15	-3.00231	-1.00077	0.751298
7.53138	0.0419565	-2.78826	0.420926	0.906606	7.45455	0.149294	7.45	0.15	-2.99596	0	1.27429
7.25341	-0.0359112	-2.76549	0.465172	0.83707	7.26713	0.055036	7.25	0.0500011	-1.81801	-0.908998	0.615493
6.97146	-0.159777	-2.77404	0.529843	0.800256	6.93127	-0.133333	6.95	-0.15	-2.72492	-1.81662	0.1647
6.75483	-0.340782	-2.7424	0.646961	0.841683	6.84796	-0.34284	6.85	-0.35	-0.910622	-1.82124	0.54
6.54734	-0.522698	-2.74562	0.739399	0.851947	6.54772	-0.536719	6.55	-0.549999	-2.99637	-1.99757	0.0141859
6.38102	-0.786924	-2.74008	0.897569	0.936593	6.45451	-0.851695	6.45	-0.85	-0.909955	-2.72986	0.724021
6.2763	-1.07081	-2.74361	1.07065	1.03933	6.3554	-1.1624	6.35	-1.15	-0.99921	-2.99763	1.10128
6.18571	-1.38361	-2.75442	1.23872	1.10732	6.2299	-1.45381	6.25	-1.45	-0.908718	-2.72616	0.511715
6.19924	-1.71498	-2.7391	1.4588	1.23778	6.34473	-1.75136	6.35	-1.75	0.910481	-2.73144	1.67409
6.25426	-2.01078	-2.73518	1.6535	1.33012	6.35828	-2.03886	6.35	-2.05	0	-2.99515	0.862633
6.31798	-2.31477	-2.74301	1.81839	1.35234	6.34057	-2.34076	6.35	-2.35	0	-2.72854	0.0813098
6.42954	-2.61025	-2.75773	1.98406	1.3703	6.45265	-2.65056	6.45	-2.65	0.908223	-2.72467	0.134246
6.52224	-2.89332	-2.76896	2.08493	1.30322	6.45762	-2.94003	6.45	-2.95	0	-2.7273	0.459193
6.61943	-3.19944	-2.80549	2.14789	1.1912	6.54349	-3.33906	6.55	-3.35	0.90907	-3.63626	1.69889
6.72792	-3.51313	-2.84274	2.18715	1.06584	6.65608	-3.67065	6.65	-3.65	0.910033	-2.7301	2.05625
6.8358	-3.82621	-2.86269	2.20229	0.931367	6.74422	-3.95901	6.75	-3.95	0.908091	-2.72428	1.9269
6.94176	-4.13885	-2.87047	2.19974	0.79606	6.83817	-4.25449	6.85	-4.25	0.910945	-2.73284	1.85451
7.04822	-4.40333	-2.85835	2.20577	0.702903	6.94879	-4.45387	6.95	-4.45	0.999829	-1.99966	0.956053
7.1837	-4.67329	-2.87377	2.22119	0.630248	7.14339	-4.76622	7.15	-4.75	1.99653	-2.99479	0.725755
7.3221	-4.91855	-2.86436	2.24102	0.574618	7.25883	-4.94719	7.25	-4.95	1.00097	-2.00194	0.361283
7.44986	-5.2011	-2.84655	2.22639	0.473637	7.33925	-5.24908	7.35	-5.25	0.909677	-2.72904	1.10411
7.58866	-5.46705	-2.86011	2.21986	0.401964	7.5499	-5.55354	7.55	-5.55	1.99976	-2.99964	0.64388
7.71923	-5.71297	-2.84586	2.21386	0.34164	7.64483	-5.73357	7.65	-5.75	1.00037	-2.00074	0.436737
7.87827	-5.99226	-2.85364	2.20879	0.28518	7.84396	-6.051	7.85	-6.05	1.81659	-2.7249	0.343781
8.02334	-6.25647	-2.83521	2.19836	0.230834	7.95018	-6.25957	7.95	-6.25	0.909247	-1.81849	0.384575
8.19474	-6.4951	-2.81486	2.21931	0.225341	8.15891	-6.45832	8.15	-6.45	1.81577	-1.81577	0.154765
8.36378	-6.74462	-2.80756	2.22596	0.202027	8.33273	-6.74641	8.35	-6.75	1.8218	-2.73269	0.0699344
8.50868	-7.01261	-2.79957	2.20079	0.141037	8.44383	-7.03914	8.45	-7.05	0.907988	-2.72398	0.378606
8.63193	-7.30444	-2.80117	2.14775	0.0530549	8.55761	-7.36836	8.55	-7.35	0.910046	-2.73012	0.752672
8.77274	-7.545	-2.8006	2.14025	0.036601	8.7565	-7.55536	8.75	-7.55	1.99828	-1.99828	0.0284224
8.90146	-7.82531	-2.79807	2.10436	-0.0146813	8.85031	-7.85391	8.85	-7.85	0.909053	-2.72715	0.265332
9.01061	-8.11997	-2.79922	2.05131	-0.0806173	8.95085	-8.16397	8.95	-8.15	0.908953	-2.72687	0.428621
9.15451	-8.37855	-2.78866	2.05171	-0.06912	9.15149	-8.34807	9.15	-8.35	1.82025	-1.82026	0.0581107
9.2599	-8.63584	-2.78757	2.02207	-0.0982883	9.22902	-8.65053	9.25	-8.65	0.999874	-2.9996	0.0893179
9.36853	-8.90461	-2.8021	1.99491	-0.120065	9.36398	-8.95164	9.35	-8.95	0.999284	-2.99784	0.141434
9.47322	-9.18113	-2.78798	1.967	-0.139531	9.43696	-9.1575	9.45	-9.15	0.90921	-1.81843	0.11726
9.56982	-9.46361	-2.77896	1.93566	-0.160444	9.53884	-9.45193	9.55	-9.45	0.908475	-2.72542	0.0739723
9.67361	-9.75049	-2.78148	1.91544	-0.16367	9.67284	-9.75791	9.65	-9.75	0.909739	-2.72923	0.00350932
9.7555	-10.0216	-2.78917	1.88744	-0.178276	9.74713	-10.0467	9.75	-10.05	0.998616	-2.99584	0.0460765
9.80375	-10.3312	-2.79334	1.82347	-0.235155	9.74697	-10.3629	9.75	-10.35	0	-2.72854	0.325447
9.86938	-10.6327	-2.79754	1.79015	-0.244552	9.86261	-10.6462	9.85	-10.65	0.909773	-2.7293	0.0155533
9.89531	-10.9382	-2.79352	1.72908	-0.288582	9.8455	-10.9408	9.85	-10.95	0	-2.72844	0.191905
9.89473	-11.2464	-2.78924	1.65651	-0.341095	9.83549	-11.2481	9.85	-11.25	0	-2.72745	0.271816
9.89463	-11.5352	-2.80039	1.60293	-0.365236	9.87136	-11.5692	9.85	-11.55	0	-2.99671	0.113902
9.83407	-11.8494	-2.80177	1.50259	-0.442363	9.74749	-11.8623	9.75	-11.85	-0.909218	-2.72765	0.592534
9.74091	-12.1547	-2.79935	1.39366	-0.519886	9.65408	-12.1513	9.65	-12.15	-0.908706	-2.7261	0.585606
9.61832	-12.4246	-2.767	1.27944	-0.596372	9.54006	-12.3354	9.55	-12.35	-0.90964	-1.8193	0.949122
9.44497	-12.665	-2.7246	1.13662	-0.700222	9.35049	-12.5377	9.35	-12.55	-1.81823	-1.81823	1.69936
9.19342	-12.8744	-2.6948	0.940787	-0.855968	9.04708	-12.7528	9.05	-12.75	-2.72576	-1.81717	2.66248
8.93614	-13.0509	-2.67053	0.763095	-0.966538	8.84904	-12.9423	8.85	-12.95	-1.81921	-1.81921	1.39681
8.64706	-13.2012	-2.67406	0.580717	-1.06274	8.5479	-13.1496	8.55	-13.15	-2.7278	-1.81853	0.946092
8.33162	-13.273	-2.65841	0.370311	-1.18503	8.26001	-13.1483	8.25	-13.15	-2.72641	0	1.526
8.02637	-13.2784	-2.65419	0.16004	-1.30302	7.95138	-13.1593	7.95	-13.15	-3.00084	0	1.45966
7.71022	-13.2826	-2.67366	-0.0152718	-1.33871	7.64076	-13.2654	7.65	-13.25	-2.72554	-0.908516	0.329804
7.39958	-13.2083	-2.68309	-0.215	-1.40313	7.35762	-13.1417	7.35	-13.15	-2.72544	0.908483	0.455895
7.106	-13.1359	-2.70184	-0.358546	-1.38436	7.05296	-13.1563	7.05	-13.15	-2.73035	0	0.187567
6.80046	-13.0658	-2.74227	-0.453842	-1.30067	6.672	-13.1364	6.65	-13.15	-3.63617	0	1.34595
6.51452	-13.0186	-2.73925	-0.492266	-1.16777	6.46904	-13.1587	6.45	-13.15	-1.81657	0	1.66112
6.22538	-12.9366	-2.74508	-0.540454	-1.0647	6.15723	-13.0319	6.15	-13.05	-2.73109	0.91036	1.04013
5.94099	-12.8058	-2.76501	-0.610383	-1.001	5.85711	-12.8423	5.85	-12.85	-2.72331	1.81554	0.572337
5.65229	-12.684	-2.77809	-0.644825	-0.902723	5.5559	-12.7556	5.55	-12.75	-2.72839	0.909466	1.06757
5.3624	-12.5271	-2.81157	-0.687062	-0.82548	5.23681	-12.5467	5.25	-12.55	-2.731	1.82066	1.07153
5.1062	-12.3415	-2.82456	-0.748136	-0.785789	5.04959	-12.3548	5.05	-12.35	-1.8182	1.8182	0.233172
4.89696	-12.1458	-2.83335	-0.817977	-0.773508	4.86969	-12.1416	4.85	-12.15	-1.99954	1.99955	0.0473934
4.73149	-11.9284	-2.82073	-0.910039	-0.794016	4.77326	-11.9345	4.75	-11.95	-0.999959	1.99992	0.112175
4.56609	-11.6817	-2.8411	-0.999878	-0.805355	4.54148	-11.6336	4.55	-11.65	-2.0002	3.0003	0.173524
4.46465	-11.4319	-2.81492	-1.11395	-0.852519	4.55238	-11.4548	4.55	-11.45	0	1.99746	0.519523
4.39147	-11.1121	-2.82188	-1.26582	-0.928048	4.45629	-11.0538	4.45	-11.05	-0.909152	3.63659	0.578142
4.36533	-10.8171	-2.78981	-1.40951	-0.987427	4.45899	-10.8664	4.45	-10.85	0	1.81808	0.716418
4.37361	-10.5182	-2.76889	-1.55312	-1.03662	4.44058	-10.5544	4.45	-10.55	0	2.72864	0.383691
4.40728	-10.2214	-2.75712	-1.68631	-1.0634	4.44086	-10.2469	4.45	-10.25	0	2.72391	0.117033
4.49638	-9.92917	-2.7496	-1.83797	-1.10969	4.54793	-9.94716	4.55	-9.95	0.909615	2.72884	0.219918
4.61438	-9.64449	-2.75291	-1.98016	-1.13497	4.64364	-9.63888	4.65	-9.65	0.909107	2.72732	0.0672752
4.78243	-9.37856	-2.76018	-2.13471	-1.17177	4.82761	-9.37054	4.85	-9.35	1.81921	2.7288	0.15659
4.94676	-9.11047	-2.78315	-2.24427	-1.1422	4.94177	-9.04086	4.95	-9.05	0.908743	2.72623	0.295894
5.14288	-8.87365	-2.79145	-2.35807	-1.12521	5.1385	-8.8446	5.15	-8.85	1.81688	1.81688	0.0554605
5.34795	-8.63344	-2.81393	-2.44254	-1.07053	5.33853	-8.54729	5.35	-8.55	1.82008	2.73013	0.495072
5.5396	-8.40965	-2.80489	-2.49668	-0.990772	5.46213	-8.36055	5.45	-8.35	0.910249	1.8205	0.649906
5.70949	-8.17882	-2.81112	-2.50664	-0.874888	5.63863	-8.05978	5.65	-8.05	1.99657	2.99485	1.44053
5.9113	-7.94435	-2.80883	-2.52512	-0.775027	5.84353	-7.85177	5.85	-7.85	1.81871	1.81871	1.01363
6.15	-7.73554	-2.8216	-2.56898	-0.720238	6.14453	-7.66253	6.15	-7.65	2.72961	1.81974	0.381681
6.36161	-7.53521	-2.83112	-2.58284	-0.643976	6.3386	-7.44193	6.35	-7.45	1.99918	1.99918	0.677897
6.59423	-7.32905	-2.82817	-2.59631	-0.569866	6.54947	-7.257	6.55	-7.25	1.81909	1.81909	0.555807
6.79978	-7.1263	-2.82768	-2.58467	-0.480649	6.7522	-7.03215	6.75	-7.05	1.99996	1.99996	0.844811
7.01172	-6.95891	-2.81034	-2.59877	-0.437327	6.95051	-6.93564	6.95	-6.95	1.99752	0.998765	0.298025
7.26704	-6.78639	-2.81156	-2.62529	-0.40916	7.25571	-6.75585	7.25	-6.75	2.73035	1.82023	0.0807517
7.48039	-6.60866	-2.80394	-2.61519	-0.342934	7.42947	-6.54884	7.45	-6.55	2.00058	2.00058	0.466617
7.70138	-6.45651	-2.78945	-2.62598	-0.312758	7.65263	-6.44325	7.65	-6.45	1.99838	0.999195	0.171035
7.94906	-6.33075	-2.79061	-2.66504	-0.322892	7.95705	-6.33998	7.95	-6.35	2.99949	0.999829	0.011135
8.1985	-6.16991	-2.77909	-2.66869	-0.281635	8.15184	-6.14215	8.15	-6.15	1.81603	1.81603	0.212441
8.42977	-5.99429	-2.75749	-2.64752	-0.214608	8.34844	-5.95288	8.35	-5.95	1.81921	1.81921	0.593802
8.68046	-5.84378	-2.74635	-2.65521	-0.194328	8.64546	-5.83668	8.65	-5.85	2.72898	0.909661	0.084478
8.94443	-5.68898	-2.75393	-2.66095	-0.174117	8.95179	-5.66017	8.95	-5.65	2.72772	1.81848	0.0611814
9.16961	-5.51991	-2.75923	-2.63334	-0.116261	9.15234	-5.45358	9.15	-5.45	1.9994	1.9994	0.355068
9.40626	-5.35341	-2.74145	-2.61635	-0.0781787	9.3462	-5.33648	9.35	-5.35	1.81776	0.908875	0.262181
9.62433	-5.14447	-2.7309	-2.55722	0.00843869	9.55586	-5.07162	9.55	-5.05	1.81542	2.72314	0.765021
9.82597	-4.9164	-2.72049	-2.48292	0.102113	9.75218	-4.8384	9.75	-4.85	1.82146	1.82146	0.885814
10.0229	-4.69766	-2.70618	-2.42491	0.16206	9.9571	-4.66087	9.95	-4.65	1.8196	1.8196	0.41835
10.1966	-4.48415	-2.70369	-2.36657	0.215728	10.1558	-4.43582	10.15	-4.45	1.99826	1.99826	0.303555
10.3723	-4.23098	-2.70617	-2.29094	0.28157	10.3312	-4.16698	10.35	-4.15	1.81692	2.72536	0.442252
10.5545	-3.98378	-2.71698	-2.23867	0.307898	10.5551	-3.94162	10.55	-3.95	1.8195	1.81951	0.12094
10.7378	-3.74836	-2.71995	-2.20759	0.304145	10.746	-3.7455	10.75	-3.75	1.81816	1.81817	0.00471042
10.9171	-3.49211	-2.73922	-2.1699	0.308052	10.9457	-3.45027	10.95	-3.45	1.8162	2.7243	0.149975
11.0601	-3.21322	-2.75159	-2.10324	0.348643	11.0435	-3.16012	11.05	-3.15	0.908632	2.72588	0.222109
11.1791	-2.91849	-2.76583	-2.02526	0.397795	11.1542	-2.85724	11.15	-2.85	0.909888	2.72968	0.316653
11.2327	-2.6043	-2.76202	-1.90397	0.496276	11.1324	-2.55807	11.15	-2.55	0	2.72844	0.949475
11.2546	-2.28973	-2.75438	-1.78063	0.584145	11.1569	-2.2658	11.15	-2.25	0	2.72732	0.777005
11.3206	-1.98421	-2.77167	-1.72447	0.571875	11.3482	-1.94557	11.35	-1.95	1.81905	2.72856	0.133318
11.3063	-1.66719	-2.77469	-1.61118	0.635539	11.2389	-1.64141	11.25	-1.65	-0.909152	2.72745	0.403755
11.2881	-1.35867	-2.77707	-1.52215	0.659428	11.2625	-1.34833	11.25	-1.35	0	2.72321	0.0588373
11.2168	-1.05448	-2.77568	-1.407	0.7139	11.1556	-1.0549	11.15	-1.05	-0.909524	2.72856	0.290196
11.0654	-0.752396	-2.78535	-1.2441	0.820089	10.9445	-0.73319	10.95	-0.75	-1.81942	2.72913	1.15612
10.9066	-0.46573	-2.79894	-1.10941	0.874762	10.8388	-0.441032	10.85	-0.449999	-0.909822	2.72949	0.381702
10.6828	-0.238004	-2.80968	-0.936782	0.98183	10.5529	-0.247121	10.55	-0.25	-2.99539	1.99691	1.27451
10.4249	-0.0469147	-2.78996	-0.756796	1.07822	10.3505	-0.143257	10.35	-0.15	-1.81716	0.908579	1.06246
10.1253	0.0822937	-2.76751	-0.551155	1.1955	10.0541	-0.0441275	10.05	-0.0499992	-2.73194	0.910655	1.51625
9.80953	0.161545	-2.75413	-0.3452	1.29456	9.75876	0.0560308	9.75	0.0500011	-2.72477	0.90826	1.00708
9.52629	0.214955	-2.72828	-0.184722	1.32439	9.56967	0.149506	9.55	0.15	-1.81757	0.908775	0.365576
9.22917	0.212996	-2.71176	-0.00789342	1.36881	9.25348	0.150166	9.25	0.15	-2.72658	0	0.297436
8.93753	0.212907	-2.71442	0.122945	1.34283	8.93575	0.243169	8.95	0.25	-2.72926	0.909752	0.0675908
8.64947	0.195744	-2.71631	0.23078	1.2911	8.64483	0.254352	8.65	0.25	-2.7278	0	0.259888
8.36445	0.167107	-2.71416	0.315085	1.21732	8.35775	0.250149	8.35	0.25	-2.72395	0	0.529716
8.07432	0.0988713	-2.72471	0.406632	1.16124	8.03004	0.154113	8.05	0.15	-2.73279	-0.910929	0.358109
7.78032	0.0518096	-2.76271	0.442316	1.05083	7.63715	0.143302	7.65	0.15	-3.99916	0	1.91983
7.50287	0.0200524	-2.76044	0.448081	0.92327	7.43926	0.160393	7.45	0.15	-1.99866	0	1.77336
7.21012	-0.0524696	-2.75506	0.477232	0.830552	7.16771	0.0463372	7.15	0.0500011	-2.72623	-0.908734	0.882776
6.94617	-0.179864	-2.74587	0.547694	0.804719	6.95035	-0.144849	6.95	-0.15	-1.81888	-1.81889	0.090085
6.71576	-0.352425	-2.72904	0.64823	0.822044	6.76317	-0.34818	6.75	-0.35	-1.81792	-1.81792	0.137682
6.51003	-0.553199	-2.71194	0.758084	0.849066	6.56412	-0.553924	6.55	-0.549999	-1.81879	-1.81878	0.185584
6.33806	-0.835134	-2.73317	0.921431	0.936716	6.36344	-0.942514	6.35	-0.949999	-1.81969	-3.63937	0.906713
6.25692	-1.1385	-2.73639	1.11708	1.06766	6.36321	-1.25111	6.35	-1.25	0	-2.99519	1.80698
6.22741	-1.47656	-2.7323	1.3357	1.19905	6.35537	-1.55723	6.35	-1.55	0	-2.72817	1.72583
6.24802	-1.80219	-2.72564	1.54267	1.29712	6.35448	-1.83673	6.35	-1.85	0	-2.72628	0.939788
6.29852	-2.11297	-2.72881	1.72462	1.34715	6.35078	-2.13767	6.35	-2.15	0	-2.73152	0.251655
6.34991	-2.39011	-2.74608	1.85333	1.33482	6.33355	-2.43768	6.35	-2.45	0	-2.99503	0.145978
6.45462	-2.68865	-2.76915	1.99991	1.3289	6.45623	-2.7536	6.45	-2.75	0.91	-2.73	0.240947
6.57572	-2.9705	-2.78328	2.11951	1.29096	6.54629	-3.01951	6.55	-3.05	0.907584	-2.72274	0.21476
6.65525	-3.28803	-2.82188	2.15083	1.13992	6.54763	-3.45513	6.55	-3.45	0	-3.63613	2.74477
6.74756	-3.60202	-2.84409	2.17001	0.999438	6.64571	-3.73674	6.65	-3.75	0.909661	-2.72898	2.0925
6.89619	-3.87971	-2.85117	2.2331	0.938263	6.85201	-3.93663	6.85	-3.95	1.81793	-1.81793	0.390227
7.02574	-4.18959	-2.87388	2.24234	0.814639	6.9548	-4.32855	6.95	-4.35	0.909975	-3.6399	1.78009
7.15507	-4.47995	-2.86638	2.24743	0.706671	7.05586	-4.55105	7.05	-4.55	0.907881	-1.81576	1.17165
7.26649	-4.77096	-2.84322	2.22821	0.583929	7.13261	-4.82718	7.15	-4.85	0.909777	-2.72933	1.63301
7.40742	-5.06334	-2.8479	2.22316	0.494113	7.34301	-5.14642	7.35	-5.15	1.81859	-2.72789	0.849428
7.52653	-5.34452	-2.85892	2.1975	0.396171	7.46174	-5.44979	7.45	-5.45	0.999999	-3	1.13186
7.68971	-5.61702	-2.86146	2.20966	0.355213	7.65989	-5.6552	7.65	-5.65	1.81747	-1.81747	0.178463
7.82569	-5.90447	-2.85708	2.1866	0.274659	7.75276	-5.95823	7.75	-5.95	0.909594	-2.72878	0.640395
7.98796	-6.16112	-2.84536	2.19839	0.251048	7.95034	-6.15505	7.95	-6.15	1.81962	-1.81962	0.0991114
8.14866	-6.40609	-2.85713	2.2075	0.230086	8.14855	-6.44643	8.15	-6.45	1.99732	-2.99598	0.105248
8.30718	-6.66077	-2.84053	2.20749	0.197553	8.25279	-6.64996	8.25	-6.65	0.909111	-1.81822	0.206119
8.44001	-6.93314	-2.82407	2.17603	0.129023	8.35448	-6.94719	8.35	-6.95	0.908442	-2.72531	0.55582
8.58551	-7.21088	-2.82631	2.15311	0.0812176	8.54666	-7.24803	8.55	-7.25	1.81924	-2.72886	0.225342
8.75585	-7.45782	-2.81668	2.16697	0.0875271	8.74711	-7.43338	8.75	-7.45	1.8208	-1.8208	0.0402759
8.88536	-7.71364	-2.82114	2.14117	0.0430675	8.84984	-7.75349	8.85	-7.75	0.997629	-2.99288	0.215884
9.00451	-8.01107	-2.82737	2.08973	-0.0292002	8.94604	-8.07116	8.95	-8.05	0.909127	-2.7274	0.539716
9.10936	-8.27842	-2.79452	2.0501	-0.0767579	9.01893	-8.23506	9.05	-8.25	0.909516	-1.81902	0.639592
9.21748	-8.55198	-2.77741	2.0158	-0.110488	9.1628	-8.53304	9.15	-8.55	0.909913	-2.72976	0.222323
9.34572	-8.83405	-2.7853	1.99979	-0.115116	9.3508	-8.85468	9.35	-8.85	1.81688	-2.72532	0.0269058
9.45957	-9.12636	-2.79641	1.97191	-0.134177	9.45338	-9.162	9.45	-9.15	0.910228	-2.73069	0.085696
9.5627	-9.4011	-2.81469	1.94817	-0.146649	9.56994	-9.45148	9.55	-9.45	0.997908	-2.99372	0.154562
9.6639	-9.68442	-2.80674	1.9251	-0.155884	9.64603	-9.66938	9.65	-9.65	0.909954	-1.81992	0.0336464
9.72072	-9.97689	-2.79001	1.86645	-0.209768	9.64842	-9.95866	9.65	-9.95	0	-2.73053	0.393563
9.77974	-10.2472	-2.78681	1.82765	-0.232738	9.7516	-10.2483	9.75	-10.25	0.998187	-2.99455	0.0591044
9.85745	-10.5405	-2.78665	1.80636	-0.227232	9.8633	-10.5382	9.85	-10.55	0.909797	-2.72938	0.00304204
9.89156	-10.8455	-2.7855	1.74969	-0.267963	9.84674	-10.8547	9.85	-10.85	0	-2.72715	0.162401
9.90911	-11.149	-2.78008	1.69055	-0.306237	9.86442	-11.1448	9.85	-11.15	0	-2.72395	0.15267
9.90233	-11.4527	-2.77414	1.62208	-0.351182	9.85036	-11.4464	9.85	-11.45	0	-2.73075	0.208526
9.87834	-11.7525	-2.76474	1.55294	-0.390768	9.83174	-11.7336	9.85	-11.75	0	-2.72396	0.184481
9.81994	-12.0338	-2.76934	1.46869	-0.448229	9.75331	-12.0506	9.75	-12.05	-1.0005	-3.0015	0.357852
9.68628	-12.3106	-2.74024	1.33037	-0.564819	9.55524	-12.2329	9.55	-12.25	-1.81797	-1.81797	1.66612
9.49407	-12.5847	-2.73606	1.16221	-0.701027	9.34172	-12.5587	9.35	-12.55	-1.82041	-2.73063	1.83615
9.28902	-12.8037	-2.72626	1.00481	-0.81412	9.16462	-12.7506	9.15	-12.75	-1.99891	-1.9989	1.36388
9.04993	-13.0118	-2.71361	0.841853	-0.910325	8.95936	-12.9426	8.95	-12.95	-1.81838	-1.81838	0.961905
8.75819	-13.1594	-2.69496	0.641421	-1.04239	8.65422	-13.0444	8.65	-13.05	-2.72941	-0.909806	1.77667
8.46528	-13.271	-2.71229	0.460108	-1.13762	8.3436	-13.2381	8.35	-13.25	-2.99984	-1.9999	1.14265
8.1791	-13.2998	-2.68305	0.26483	-1.24911	8.15674	-13.1486	8.15	-13.15	-1.99797	0.998985	1.59103
7.87332	-13.3171	-2.67808	0.0839642	-1.30658	7.85314	-13.2533	7.85	-13.25	-2.73	-0.910004	0.32804
7.54515	-13.2827	-2.70453	-0.108592	-1.36229	7.45422	-13.2433	7.45	-13.25	-3.62953	0	0.647394
7.22819	-13.2277	-2.7393	-0.264568	-1.36109	7.13166	-13.2372	7.15	-13.25	-2.73007	0	0.536417
6.9256	-13.1746	-2.76495	-0.368305	-1.29517	6.84852	-13.2404	6.85	-13.25	-2.727	0	0.665821
6.62823	-13.0957	-2.78472	-0.459323	-1.22429	6.55626	-13.1584	6.55	-13.15	-2.72742	0.909144	0.622812
6.33329	-12.9918	-2.80516	-0.540454	-1.15116	6.25112	-13.0473	6.25	-13.05	-2.727	0.908995	0.677148
6.03999	-12.8844	-2.81865	-0.594405	-1.0556	5.95513	-12.9613	5.95	-12.95	-2.72998	0.909996	0.967588
5.7674	-12.7724	-2.8379	-0.632365	-0.965042	5.6635	-12.8347	5.65	-12.85	-2.99275	0.99758	1.03794
5.50308	-12.6003	-2.84788	-0.707857	-0.924068	5.45219	-12.6228	5.45	-12.65	-1.81994	1.81994	0.218232
5.26451	-12.4103	-2.84228	-0.78471	-0.892639	5.25069	-12.4448	5.25	-12.45	-1.81721	1.81721	0.106413
5.0148	-12.2237	-2.84541	-0.828612	-0.821723	4.9499	-12.2734	4.95	-12.25	-2.72881	1.81921	0.512177
4.81877	-12.0005	-2.82876	-0.91096	-0.813214	4.84027	-12.0359	4.85	-12.05	-0.908462	1.81692	0.103033
4.63902	-11.7518	-2.82697	-0.997059	-0.809044	4.63814	-11.758	4.65	-11.75	-1.81788	2.72683	0.00275487
4.49824	-11.4981	-2.80353	-1.08943	-0.816358	4.5399	-11.541	4.55	-11.55	-0.909959	1.81992	0.209379
4.40642	-11.1936	-2.80723	-1.2216	-0.870834	4.45518	-11.1556	4.45	-11.15	-0.909218	3.63686	0.296765
4.33113	-10.9117	-2.78687	-1.32537	-0.88393	4.36691	-10.9529	4.35	-10.95	-0.909222	1.81844	0.175976
4.32957	-10.6148	-2.75949	-1.47176	-0.951272	4.42489	-10.6572	4.45	-10.65	0.909396	2.72819	0.730018
4.36715	-10.3375	-2.74768	-1.61431	-1.01429	4.44692	-10.3512	4.45	-10.35	0	3.00113	0.47118
4.45824	-10.0563	-2.74782	-1.7784	-1.0952	4.5556	-10.0446	4.55	-10.05	0.999524	2.99856	0.714933
4.5808	-9.7827	-2.75972	-1.93793	-1.15762	4.65841	-9.75093	4.65	-9.75	0.998262	2.99479	0.504773
4.72233	-9.51743	-2.75347	-2.08136	-1.18019	4.74425	-9.53907	4.75	-9.55	0.910928	1.82186	0.0649502
4.88117	-9.26234	-2.75541	-2.20592	-1.17274	4.87523	-9.25457	4.85	-9.25	0.908033	2.7241	0.0066286
5.05867	-9.01288	-2.76917	-2.31285	-1.14128	5.04624	-8.96378	5.05	-8.95	1.81852	2.72777	0.166287
5.25758	-8.75754	-2.80462	-2.39978	-1.08411	5.26299	-8.64398	5.25	-8.65	1.8165	2.72475	0.802606
5.46035	-8.52083	-2.81961	-2.4673	-1.01497	5.43218	-8.43885	5.45	-8.45	1.82157	1.82157	0.53891
5.64319	-8.29084	-2.8029	-2.49963	-0.91576	5.54143	-8.23537	5.55	-8.25	0.908054	1.8161	1.03252
5.87352	-8.08596	-2.80827	-2.56208	-0.865905	5.85207	-8.0316	5.85	-8.05	2.72849	1.81899	0.25791
6.09271	-7.85907	-2.81564	-2.58024	-0.766016	6.04955	-7.75139	6.05	-7.75	1.81852	2.72777	1.02773
6.31187	-7.64436	-2.80815	-2.59291	-0.674878	6.2473	-7.56333	6.25	-7.55	1.81739	1.81739	0.838941
6.52709	-7.43358	-2.79135	-2.59482	-0.583449	6.44526	-7.36223	6.45	-7.35	1.81638	1.81638	0.906986
6.76673	-7.22727	-2.79936	-2.60305	-0.510976	6.74856	-7.14204	6.75	-7.15	2.72856	1.81904	0.572614
7.00639	-7.02971	-2.80022	-2.6087	-0.446076	6.97717	-6.96144	6.95	-6.95	1.82065	1.82065	0.427296
7.23855	-6.8404	-2.82148	-2.60623	-0.384354	7.2552	-6.74652	7.25	-6.75	2.99976	1.99984	0.620419
7.42765	-6.6312	-2.80442	-2.56287	-0.279321	7.33491	-6.53948	7.35	-6.55	0.999369	1.99874	1.27061
7.68179	-6.49749	-2.78096	-2.6149	-0.30749	7.64389	-6.55777	7.65	-6.55	2.72745	0	0.312369
7.91703	-6.33732	-2.75566	-2.62524	-0.27783	7.84566	-6.34021	7.85	-6.35	1.81623	1.81624	0.31996
8.17401	-6.20445	-2.74121	-2.66203	-0.286211	8.14601	-6.23101	8.15	-6.25	2.72645	0.908817	0.0882021
8.40768	-6.02055	-2.73397	-2.63764	-0.214863	8.35502	-5.95811	8.35	-5.95	1.81897	2.72844	0.514664
8.66138	-5.87195	-2.72838	-2.65095	-0.2018	8.64201	-5.86567	8.65	-5.85	2.72645	0.908817	0.0284974
8.89811	-5.69662	-2.72046	-2.62995	-0.14695	8.85198	-5.65134	8.85	-5.65	1.81789	1.81788	0.318301
9.14369	-5.51571	-2.72738	-2.60874	-0.0994362	9.13482	-5.45989	9.15	-5.45	2.73106	1.82072	0.241623
9.37224	-5.31966	-2.72392	-2.56895	-0.0351606	9.33045	-5.26019	9.35	-5.25	1.81794	1.81793	0.410259
9.61681	-5.11649	-2.74463	-2.53578	0.0114921	9.63754	-5.04328	9.65	-5.05	2.72903	1.81935	0.391642
9.8051	-4.91188	-2.73863	-2.47788	0.0835506	9.74856	-4.84745	9.75	-4.85	0.998656	1.99731	0.557318
10.0031	-4.69467	-2.7228	-2.42467	0.139944	9.93394	-4.66432	9.95	-4.65	1.81717	1.81717	0.409238
10.1956	-4.47081	-2.71314	-2.37221	0.18742	10.1444	-4.44253	10.15	-4.45	1.82041	1.82042	0.253698
10.4183	-4.26177	-2.7257	-2.35821	0.178367	10.4496	-4.24828	10.45	-4.25	2.7267	1.8178	0.0691885
10.5942	-4.00912	-2.72865	-2.2896	0.240291	10.5542	-3.95161	10.55	-3.95	0.908764	2.72628	0.380323
10.7657	-3.73709	-2.7493	-2.21858	0.29559	10.7602	-3.65417	10.75	-3.65	1.81939	2.72908	0.480307
10.9383	-3.48577	-2.75415	-2.17714	0.306571	10.9375	-3.46792	10.95	-3.45	1.81838	1.81838	0.0217218
11.0833	-3.20396	-2.76756	-2.10853	0.349784	11.0672	-3.14607	11.05	-3.15	0.908549	2.72564	0.258405
11.1915	-2.90482	-2.7746	-2.0186	0.41442	11.1428	-2.8481	11.15	-2.85	0.908863	2.72661	0.430683
11.2833	-2.59773	-2.78655	-1.93157	0.465985	11.2495	-2.5409	11.25	-2.55	0.909988	2.72995	0.323377
11.2951	-2.27366	-2.77676	-1.79181	0.579158	11.1705	-2.24061	11.15	-2.25	-0.907683	2.72304	1.28088
11.3522	-1.97542	-2.7785	-1.72801	0.579233	11.3536	-1.97104	11.35	-1.95	1.82188	2.73281	0.00123708
11.3785	-1.66509	-2.78498	-1.65148	0.59452	11.3661	-1.64386	11.35	-1.65	0	2.71993	0.0415824
11.3696	-1.3561	-2.78708	-1.56376	0.622904	11.3391	-1.34511	11.35	-1.35	0	2.73446	0.0815334
11.273	-1.06613	-2.79163	-1.42022	0.726126	11.1532	-1.04324	11.15	-1.05	-1.99967	2.99949	1.13299
11.1574	-0.781493	-2.80624	-1.28705	0.801905	11.0654	-0.742685	11.05	-0.75	-1.00006	3.00021	0.726734
10.9676	-0.508444	-2.798	-1.11171	0.915661	10.8418	-0.549005	10.85	-0.549999	-1.81772	1.81773	1.31576
10.7506	-0.275303	-2.77924	-0.940833	1.00973	10.6642	-0.353413	10.65	-0.35	-1.8184	1.81839	0.979482
10.4827	-0.103031	-2.7765	-0.741165	1.13816	10.3487	-0.171899	10.35	-0.15	-3.00032	2.00022	1.69925
10.2135	0.0290631	-2.76932	-0.560227	1.22716	10.137	-0.0462889	10.15	-0.0499992	-2.00053	1.00027	0.841934
9.94909	0.125775	-2.7567	-0.398202	1.28165	9.92833	0.0556031	9.95	0.0500011	-2.00006	1.00003	0.366845
9.6636	0.154635	-2.73666	-0.206701	1.36993	9.65029	0.0372757	9.65	0.0500011	-3.00024	0	0.951838
9.37545	0.168639	-2.74496	-0.040045	1.40673	9.33515	0.138463	9.35	0.15	-2.99825	0.999409	0.178361
9.09132	0.16242	-2.72866	0.105036	1.39846	9.13787	0.161547	9.15	0.15	-1.81913	0	0.126298
8.82859	0.168382	-2.73293	0.191972	1.32772	8.82128	0.250523	8.85	0.25	-2.99927	0.99976	0.495694
8.56417	0.15802	-2.73537	0.266401	1.25042	8.54916	0.247046	8.55	0.25	-2.99871	0	0.597936
8.26823	0.142613	-2.73936	0.321941	1.14236	8.2302	0.258614	8.25	0.25	-2.72871	0	1.11439
7.99784	0.0787724	-2.75178	0.398044	1.09025	7.94777	0.127954	7.95	0.15	-2.9991	-0.9997	0.340048
7.71639	0.0406935	-2.76428	0.422866	0.978278	7.63383	0.15164	7.65	0.15	-3.00099	0	1.38456
7.41514	-0.0268367	-2.77014	0.456617	0.881029	7.35046	0.0656199	7.35	0.0500011	-2.72695	-0.908974	0.954089
7.16183	-0.117212	-2.76192	0.504	0.828905	7.14965	-0.0559868	7.15	-0.0499992	-2.0003	-1.00015	0.293321
6.88937	-0.253329	-2.7668	0.570812	0.796469	6.85872	-0.227918	6.85	-0.25	-2.72532	-1.81688	0.115939
6.68924	-0.428078	-2.75085	0.675533	0.830975	6.74687	-0.441006	6.75	-0.449999	-1.00054	-2.00107	0.227562
6.50307	-0.618488	-2.73818	0.777102	0.856588	6.54837	-0.624094	6.55	-0.65	-2.00016	-2.00017	0.1342
6.36761	-0.877149	-2.73623	0.936697	0.953811	6.44859	-0.960126	6.45	-0.949999	-0.999884	-2.99963	0.997629
6.27208	-1.16035	-2.73752	1.10789	1.05323	6.35596	-1.24356	6.35	-1.25	-0.999969	-2.99992	1.03485
6.23862	-1.46768	-2.73682	1.30532	1.17453	6.35503	-1.55184	6.35	-1.55	0	-3.00129	1.52199
6.23781	-1.76979	-2.71143	1.48941	1.25154	6.34356	-1.7483	6.35	-1.75	0	-1.81769	0.783446
6.27869	-2.06533	-2.72393	1.66645	1.31667	6.34095	-2.12276	6.35	-2.15	0	-3.99972	0.514242
6.33294	-2.33724	-2.72857	1.80966	1.33067	6.34785	-2.35274	6.35	-2.35	0	-1.99998	0.0314837
6.39419	-2.60534	-2.74204	1.92276	1.30131	6.36265	-2.64414	6.35	-2.65	0	-3	0.157349
6.48526	-2.87565	-2.76668	2.03142	1.26744	6.461	-2.95066	6.45	-2.95	1.00003	-3.00009	0.370308
6.58493	-3.17235	-2.82741	2.10796	1.18803	6.55345	-3.36165	6.55	-3.35	0.999284	-3.99712	2.18846
6.70212	-3.46569	-2.84532	2.17258	1.0981	6.63536	-3.55462	6.65	-3.55	0.909917	-1.81984	0.877567
6.81581	-3.73906	-2.8657	2.21118	1.00114	6.75151	-3.84595	6.75	-3.85	0.99934	-2.99802	1.09723
6.94101	-4.04167	-2.87984	2.23088	0.880621	6.85764	-4.15466	6.85	-4.15	0.908537	-2.72561	1.47055
7.06585	-4.31613	-2.85532	2.24837	0.780418	6.94846	-4.34203	6.95	-4.35	0.909876	-1.81975	1.09917
7.16347	-4.58329	-2.83738	2.23226	0.65942	7.03506	-4.6461	7.05	-4.65	1.00008	-3.00024	1.56365
7.30363	-4.84563	-2.85009	2.24363	0.586791	7.26242	-4.9318	7.25	-4.95	1.99984	-2.99976	0.655759
7.43163	-5.10077	-2.84277	2.2406	0.50607	7.3521	-5.15533	7.35	-5.15	1.00028	-2.00056	0.702423
7.54248	-5.36947	-2.83474	2.21094	0.40047	7.44098	-5.44336	7.45	-5.45	1.00004	-3.00012	1.18729
7.69326	-5.6122	-2.83685	2.22331	0.363752	7.66561	-5.647	7.65	-5.65	1.9996	-1.9996	0.146526
7.81883	-5.88024	-2.84313	2.19612	0.279376	7.75724	-5.96146	7.75	-5.95	1.00028	-3.00084	0.769156
7.97089	-6.12141	-2.84476	2.20354	0.25218	7.95005	-6.14609	7.95	-6.15	1.9998	-1.9998	0.0777547
8.10601	-6.35852	-2.82874	2.19642	0.209658	8.04346	-6.35767	8.05	-6.35	1.00004	-2.00008	0.269761
8.26078	-6.60783	-2.84323	2.19507	0.179998	8.25742	-6.66007	8.25	-6.65	1.9995	-2.99925	0.178279
8.40304	-6.87176	-2.82521	2.17603	0.129028	8.33159	-6.8699	8.35	-6.85	0.90921	-1.81841	0.357693
8.52171	-7.12593	-2.81839	2.14357	0.0695199	8.45779	-7.15285	8.45	-7.15	1.00011	-3.00036	0.363395
8.66582	-7.35843	-2.81014	2.14533	0.0626619	8.647	-7.3454	8.65	-7.35	1.99908	-1.99908	0.0313752
8.79199	-7.6164	-2.81707	2.11855	0.0194219	8.76121	-7.66039	8.75	-7.65	1.00057	-3.00171	0.211651
8.90586	-7.85755	-2.79729	2.09425	-0.0152988	8.84363	-7.83628	8.85	-7.85	0.999844	-1.99968	0.277846
9.0422	-8.11421	-2.81339	2.08282	-0.0279704	9.05238	-8.15838	9.05	-8.15	2.00014	-3.00021	0.122266
9.17066	-8.35807	-2.80815	2.0735	-0.0366489	9.15492	-8.35136	9.15	-8.35	0.998886	-1.99779	0.0186088
9.2925	-8.63722	-2.80322	2.04413	-0.0699411	9.2543	-8.64461	9.25	-8.65	0.908855	-2.72655	0.113495
9.39692	-8.92817	-2.80269	2.00047	-0.116826	9.35164	-8.95148	9.35	-8.95	0.909466	-2.72839	0.202397
9.48057	-9.20318	-2.80897	1.95409	-0.161724	9.44272	-9.24111	9.45	-9.25	0.999774	-2.99934	0.215577
9.58965	-9.47587	-2.79301	1.93883	-0.159081	9.5752	-9.43724	9.55	-9.45	0.908954	-1.8179	0.0990622
9.67003	-9.76428	-2.78354	1.89742	-0.190378	9.62903	-9.75552	9.65	-9.75	0.909971	-2.72993	0.125225
9.75701	-10.0526	-2.7794	1.87021	-0.198596	9.74482	-10.046	9.75	-10.05	0.907972	-2.72391	0.012786
9.80572	-10.3501	-2.77208	1.81356	-0.243602	9.75264	-10.3488	9.75	-10.35	0	-2.73105	0.213052
9.85215	-10.6282	-2.77829	1.77178	-0.265637	9.83234	-10.6514	9.85	-10.65	0.999994	-2.99996	0.0665037
9.87936	-10.9164	-2.79137	1.71913	-0.298481	9.85033	-10.9603	9.85	-10.95	0	-3.00048	0.188421
9.89559	-11.1839	-2.77647	1.67196	-0.321673	9.86057	-11.1502	9.85	-11.15	0	-1.99559	0.148267
9.88787	-11.4792	-2.76199	1.60722	-0.360653	9.83839	-11.4483	9.85	-11.45	0	-2.73182	0.231745
9.83678	-11.7556	-2.7562	1.51846	-0.429147	9.75592	-11.7487	9.75	-11.75	-0.998566	-2.99569	0.493482
9.79075	-12.0542	-2.75379	1.4495	-0.457542	9.75861	-12.0491	9.75	-12.05	0	-2.73085	0.0803418
9.66944	-12.3497	-2.75315	1.32609	-0.551717	9.56514	-12.3446	9.55	-12.35	-1.81597	-2.72396	0.84349
9.48396	-12.6105	-2.73285	1.16511	-0.682883	9.34752	-12.5408	9.35	-12.55	-1.82131	-1.82131	1.75938
9.30274	-12.8416	-2.70089	1.03274	-0.760242	9.24151	-12.7411	9.25	-12.75	-0.908029	-1.81605	0.931568
9.01199	-13.0328	-2.69139	0.815184	-0.932752	8.83995	-12.9425	8.85	-12.95	-3.64007	-1.82003	2.88785
8.74003	-13.156	-2.66978	0.625341	-1.05967	8.6395	-13.0341	8.65	-13.05	-1.9959	-0.997948	1.80438
8.42886	-13.2495	-2.65987	0.419997	-1.17543	8.34268	-13.1451	8.35	-13.15	-2.73146	-0.910485	1.35712
8.11744	-13.3042	-2.65979	0.230279	-1.25244	8.06107	-13.2364	8.05	-13.25	-2.72383	-0.907947	0.582638
7.80231	-13.3054	-2.66387	0.0386265	-1.32016	7.75593	-13.2425	7.75	-13.25	-2.72673	0	0.457393
7.4938	-13.2673	-2.67551	-0.139385	-1.35908	7.44992	-13.2329	7.45	-13.25	-2.72991	0	0.217575
7.17334	-13.1823	-2.71724	-0.317122	-1.38401	7.05468	-13.1604	7.05	-13.15	-3.63887	0.909723	0.859039
6.86259	-13.0975	-2.7618	-0.439714	-1.33396	6.73255	-13.1364	6.75	-13.15	-2.72312	0	1.08347
6.57423	-13.0431	-2.80146	-0.488386	-1.21572	6.42749	-13.1436	6.45	-13.15	-3.00472	0	2.0795
6.30889	-12.9641	-2.80673	-0.540509	-1.12513	6.2503	-13.0552	6.25	-13.05	-1.99758	0.998786	0.863931
6.02023	-12.8564	-2.81216	-0.593096	-1.03243	5.95166	-12.9396	5.95	-12.95	-2.72732	0.909111	0.872211
5.72835	-12.7472	-2.81516	-0.622669	-0.923764	5.64785	-12.8416	5.65	-12.85	-2.72896	0.909648	1.17668
5.4659	-12.5978	-2.80846	-0.680258	-0.867907	5.43842	-12.6552	5.45	-12.65	-1.81809	1.81809	0.315576
5.19745	-12.4258	-2.82396	-0.731	-0.807913	5.12059	-12.4527	5.15	-12.45	-2.72358	1.81572	0.468621
4.96842	-12.2189	-2.82596	-0.808326	-0.792808	4.95241	-12.2277	4.95	-12.25	-1.81967	1.81967	0.0249098
4.76395	-11.9773	-2.83588	-0.900953	-0.798747	4.75144	-11.9561	4.75	-11.95	-1.81844	2.72767	0.0368591
4.6119	-11.7256	-2.81219	-1.00849	-0.827094	4.67603	-11.7496	4.65	-11.75	-0.909553	1.81911	0.289703
4.49075	-11.4458	-2.80129	-1.12862	-0.866065	4.5432	-11.4431	4.55	-11.45	-0.907778	2.72334	0.195118
4.40764	-11.1297	-2.81479	-1.26744	-0.920749	4.44374	-11.0696	4.45	-11.05	-0.910253	3.64099	0.364916
4.37291	-10.8329	-2.79157	-1.40328	-0.968821	4.4464	-10.8663	4.45	-10.85	0	1.81805	0.427034
4.37215	-10.5509	-2.75371	-1.53313	-1.00479	4.43858	-10.6346	4.45	-10.65	0	1.81614	0.684421
4.40614	-10.2466	-2.75174	-1.67063	-1.03989	4.44616	-10.2449	4.45	-10.25	0	3.6396	0.122446
4.49484	-9.94716	-2.75211	-1.82439	-1.09044	4.55225	-9.94382	4.55	-9.95	0.910013	2.73003	0.253787
4.60546	-9.67974	-2.76289	-1.95955	-1.12179	4.64586	-9.65356	4.65	-9.65	0.99908	2.99724	0.161062
4.74122	-9.42032	-2.7502	-2.08902	-1.1323	4.7442	-9.45683	4.75	-9.45	0.910091	1.82018	0.0786859
4.9085	-9.18639	-2.76378	-2.21811	-1.1499	4.94202	-9.15915	4.95	-9.15	1.99826	2.99739	0.116953
5.07993	-8.92496	-2.78626	-2.30912	-1.09931	5.06039	-8.84271	5.05	-8.85	0.908384	2.72514	0.460479
5.28116	-8.69414	-2.79419	-2.40699	-1.06784	5.26598	-8.6555	5.25	-8.65	1.81679	1.8168	0.120462
5.47601	-8.45334	-2.80745	-2.46296	-0.986143	5.43516	-8.36367	5.45	-8.35	1.82015	2.73022	0.710773
5.68969	-8.23312	-2.81212	-2.52111	-0.920515	5.65225	-8.1686	5.65	-8.15	1.8185	1.8185	0.424179
5.89259	-8.01471	-2.80013	-2.5515	-0.83104	5.81186	-7.95139	5.85	-7.95	1.81752	1.81752	0.81657
6.10979	-7.80857	-2.79063	-2.58299	-0.755306	6.04627	-7.74932	6.05	-7.75	1.81941	1.8194	0.586647
6.31981	-7.56798	-2.79484	-2.56973	-0.630977	6.26179	-7.43797	6.25	-7.45	1.8174	2.72611	1.5637
6.55798	-7.34773	-2.81156	-2.57821	-0.551162	6.55234	-7.24441	6.55	-7.25	2.72477	1.81651	0.777134
6.79564	-7.17082	-2.79661	-2.60942	-0.514524	6.74556	-7.15305	6.75	-7.15	1.81957	0.909785	0.201072
7.05723	-6.99293	-2.80985	-2.63939	-0.479575	7.06886	-6.94012	7.05	-6.95	2.72946	1.81964	0.199527
7.2979	-6.80255	-2.80421	-2.63803	-0.410378	7.25262	-6.73852	7.25	-6.75	1.81554	1.81554	0.480251
7.52652	-6.60487	-2.79048	-2.61928	-0.329247	7.45762	-6.53827	7.45	-6.55	1.82005	1.82005	0.704674
7.77808	-6.45034	-2.77827	-2.64283	-0.313478	7.74315	-6.44913	7.75	-6.45	2.72628	0.908764	0.0781503
8.02429	-6.31481	-2.75058	-2.67143	-0.306848	7.9584	-6.34152	7.95	-6.35	1.81656	0.908281	0.296889
8.27802	-6.16637	-2.74289	-2.6844	-0.280656	8.24773	-6.1485	8.25	-6.15	2.73005	1.82003	0.089874
8.54173	-6.00044	-2.75621	-2.68102	-0.236642	8.55156	-5.93992	8.55	-5.95	2.7269	1.81794	0.266395
8.78746	-5.81983	-2.75555	-2.65476	-0.170181	8.7543	-5.75242	8.75	-5.75	1.81843	1.81843	0.439531
9.04553	-5.62735	-2.77511	-2.62475	-0.107968	9.06113	-5.54128	9.05	-5.55	2.72465	1.81643	0.541309
9.27972	-5.41818	-2.77696	-2.57364	-0.0280481	9.24452	-5.3352	9.25	-5.35	1.81916	1.81916	0.633545
9.50732	-5.24836	-2.75114	-2.55824	-0.00428884	9.43645	-5.25801	9.45	-5.25	1.81894	0.90947	0.312121
9.71521	-5.02467	-2.7424	-2.49211	0.0802706	9.64908	-4.9531	9.65	-4.95	1.81987	2.72981	0.733032
9.919	-4.7996	-2.73589	-2.43282	0.144377	9.86682	-4.74721	9.85	-4.75	1.81736	1.81735	0.421447
10.1163	-4.57499	-2.7284	-2.38035	0.191043	10.0706	-4.54316	10.05	-4.55	1.81805	1.81805	0.23438
10.3323	-4.36287	-2.73441	-2.35763	0.192861	10.3431	-4.35107	10.35	-4.35	2.72606	1.81737	0.0150092
10.507	-4.11468	-2.7311	-2.2906	0.251028	10.4578	-4.07071	10.45	-4.05	0.908953	2.72687	0.337467
10.6767	-3.86682	-2.72848	-2.23348	0.288548	10.6424	-3.84126	10.65	-3.85	1.81902	1.81903	0.141117
10.8477	-3.60036	-2.748	-2.17757	0.317839	10.8572	-3.53957	10.85	-3.55	1.81931	2.72896	0.243432
10.9668	-3.32947	-2.76446	-2.09549	0.380468	10.9372	-3.24816	10.95	-3.25	0.999754	2.99928	0.536476
11.1196	-3.06486	-2.77021	-2.05893	0.37325	11.135	-3.05697	11.15	-3.05	1.81763	1.81764	0.0184093
11.2516	-2.7803	-2.78322	-2.00703	0.386008	11.2571	-2.74346	11.25	-2.75	0.909648	2.72893	0.0852213
11.2744	-2.48848	-2.77103	-1.87796	0.502501	11.1393	-2.45312	11.15	-2.45	-0.998725	2.99616	1.46225
11.3093	-2.18022	-2.76571	-1.77456	0.564603	11.239	-2.16508	11.25	-2.15	0.908805	2.7264	0.392738
11.3515	-1.87392	-2.77281	-1.70113	0.578361	11.3424	-1.85113	11.35	-1.85	0.909847	2.72953	0.0400827
