8.46292	0.243462	0	0	0	8.46292	0.243462	8.6	0.25	-3.00029	0	0
8.50467	0.236093	-0.0103497	-3.47012e-17	2.78816e-17	8.56759	0.241943	8.45	0.25	0	0	0.00208607
8.41068	0.245417	-0.937318	-0.00241085	-0.000475863	8.42544	0.254042	8.35	0.25	-1.81979	0	5.79317
8.11706	0.203759	-1.79269	0.594296	0.180841	7.93286	0.188391	8.05	0.2	-3.99976	-0.99994	18.9954
7.81141	0.174686	-2.15444	0.0901452	-0.176883	7.61269	0.155818	7.7	0.15	-2.99982	0	6.0263
7.59208	0.104867	-2.14165	0.240953	0.0160499	7.50815	0.0953827	7.45	0.100001	-1.8165	-0.908239	0.498408
7.30243	0.0172262	-2.31745	0.303982	0.171058	7.20598	0.00492725	7.2	9.49949e-07	-2.72851	-0.909507	2.21571
7.02584	-0.132972	-2.34086	0.547026	0.860211	6.74585	-0.143185	6.95	-0.15	-1.81898	-1.81898	2.55821
6.77393	-0.327952	-2.47774	0.774684	1.25062	6.66966	-0.346668	6.75	-0.349999	-2.00076	-2.00075	2.26564
6.62913	-0.547255	-2.49173	1.01961	1.55635	6.60862	-0.557035	6.6	-0.549999	-0.998836	-1.99769	1.04889
6.47995	-0.823882	-2.61081	1.26645	1.76616	6.40696	-0.842921	6.5	-0.85	-0.908747	-3.63498	2.24805
6.2759	-1.11056	-2.77106	1.30232	1.47828	6.38626	-1.15695	6.35	-1.15	-1.81897	-1.81898	6.11199
6.33131	-1.44298	-2.78931	1.63304	1.78543	6.43125	-1.48148	6.3	-1.45	0.909739	-3.63894	5.11767
6.18809	-1.74242	-2.87995	1.60107	1.44247	6.3228	-1.81431	6.3	-1.8	-0.999494	-2.9985	8.73578
6.20658	-2.0472	-2.94175	1.74094	1.45479	6.31851	-2.10969	6.3	-2.1	0.999984	-2.99994	1.68858
6.21372	-2.34725	-2.92782	1.80131	1.29926	6.32593	-2.40018	6.35	-2.4	0	-2.72613	2.92495
6.30724	-2.65993	-2.93582	1.92945	1.27107	6.43125	-2.71878	6.4	-2.7	0.909499	-2.72851	0.299648
6.37658	-2.94732	-2.90748	1.98334	1.13043	6.46536	-3.00452	6.45	-3	0	-2.99754	2.89556
6.45685	-3.24608	-2.91787	2.01284	0.976965	6.52249	-3.32007	6.5	-3.3	0.910402	-2.7312	2.51976
6.59387	-3.54638	-2.93927	2.08595	0.916144	6.6358	-3.59197	6.65	-3.6	1.81722	-2.72583	0.812579
6.73443	-3.84167	-2.93147	2.12387	0.796391	6.83625	-3.92723	6.8	-3.9	0.907988	-2.72396	1.6121
6.86035	-4.13754	-2.91564	2.12389	0.63243	6.86943	-4.18507	6.9	-4.2	0.909334	-2.72801	2.5487
6.98471	-4.42307	-2.87233	2.11501	0.482052	7.05156	-4.49706	7	-4.45	0.910054	-1.8201	4.18708
7.13032	-4.68844	-2.84774	2.14281	0.434551	7.10252	-4.67934	7.1	-4.7	0.908302	-2.72489	0.600701
7.29135	-4.98988	-2.88859	2.13393	0.326916	7.31379	-5.05204	7.25	-5	1.81907	-2.72861	2.18189
7.41098	-5.2737	-2.87145	2.10081	0.198766	7.29446	-5.23429	7.4	-5.3	0.908194	-2.7246	1.78715
7.56894	-5.55849	-2.8777	2.1021	0.15867	7.63082	-5.61863	7.55	-5.55	1.81974	-1.81974	0.251485
7.70417	-5.81838	-2.84997	2.1046	0.131945	7.60376	-5.74774	7.7	-5.8	0.90983	-2.72951	0.405721
7.87442	-6.09379	-2.90556	2.12233	0.143199	7.82165	-6.06822	7.85	-6.1	1.9986	-2.9979	2.81828
8.05063	-6.35701	-2.90718	2.14299	0.150639	8.17338	-6.44684	8.05	-6.35	1.81738	-1.81739	0.417138
8.19894	-6.60767	-2.87592	2.1496	0.133904	8.08628	-6.51855	8.2	-6.6	0.909293	-2.72787	0.441483
8.35564	-6.85993	-2.86036	2.15841	0.125001	8.25647	-6.78122	8.35	-6.85	1.81994	-1.81993	0.19261
8.49748	-7.09691	-2.83616	2.15812	0.102339	8.39359	-7.01743	8.5	-7.1	1.00006	-3.00018	0.319261
8.65834	-7.36467	-2.88939	2.1459	0.0639365	8.64403	-7.39047	8.65	-7.4	1.99807	-2.99712	2.13542
8.79697	-7.62806	-2.85968	2.1142	-0.00904164	8.87176	-7.71912	8.8	-7.65	0.909955	-1.8199	1.97992
8.93142	-7.89736	-2.86615	2.08469	-0.058844	8.88333	-7.88636	8.9	-7.9	0.999086	-2.9973	0.362131
9.01473	-8.13621	-2.79645	2.03526	-0.137687	8.8564	-8.01424	9	-8.15	0.909309	-1.8186	2.72868
9.14544	-8.41815	-2.82072	2.00767	-0.159718	9.17781	-8.47056	9.1	-8.4	1.0004	-3.00119	0.307311
9.23587	-8.68124	-2.78281	1.95859	-0.221338	9.22922	-8.6898	9.2	-8.65	0.909508	-1.819	1.41298
9.39462	-8.99466	-2.89874	1.97094	-0.142704	9.37748	-9.00609	9.35	-8.95	1.99965	-3.99928	9.80158
9.49232	-9.25249	-2.87144	1.94631	-0.164464	9.50096	-9.25642	9.5	-9.25	0.999584	-1.99917	0.580687
9.56424	-9.5051	-2.83981	1.90809	-0.203181	9.47534	-9.42627	9.55	-9.5	0	-3.00023	0.555327
9.65714	-9.80145	-2.87816	1.87276	-0.226119	9.69942	-9.88416	9.6	-9.8	0.999005	-2.997	0.691301
9.70297	-10.0662	-2.82988	1.82024	-0.278994	9.60087	-9.96395	9.7	-10.05	0.909855	-1.81969	1.22066
9.79849	-10.3622	-2.83698	1.80854	-0.253487	9.92627	-10.4745	9.75	-10.3	0	-3.00065	0.439582
9.84871	-10.6399	-2.83261	1.77855	-0.253285	9.71825	-10.5087	9.8	-10.6	0.90817	-2.72451	0.533561
9.88586	-10.9357	-2.80643	1.72632	-0.299419	9.88465	-10.9383	9.85	-10.9	0	-2.73074	0.663429
9.90581	-11.2225	-2.80229	1.67686	-0.327195	9.83952	-11.1692	9.85	-11.2	0	-2.99965	0.156158
9.90214	-11.5199	-2.82524	1.60605	-0.387235	9.87961	-11.5637	9.85	-11.5	0	-2.99843	0.638486
9.83524	-11.7883	-2.77692	1.47707	-0.554007	9.85311	-11.8523	9.8	-11.75	-1.0003	-2.00061	4.98094
9.77854	-12.0519	-2.76809	1.40289	-0.582683	9.69694	-11.9706	9.7	-12	-1.0004	-3.00119	0.217182
9.6874	-12.3189	-2.75583	1.28965	-0.685638	9.72311	-12.3964	9.6	-12.25	-0.999885	-1.99981	1.56902
9.51968	-12.5318	-2.70637	1.125	-0.856861	9.39039	-12.3902	9.45	-12.45	-1.99803	-1.99805	3.88675
9.37715	-12.7672	-2.69161	1.02509	-0.874737	9.34456	-12.7106	9.3	-12.65	-0.909773	-1.81953	0.114688
9.14082	-12.9545	-2.66788	0.806471	-1.10799	9.15326	-13.0031	9.05	-12.85	-3.99257	-1.99629	6.33067
8.87205	-13.1067	-2.6799	0.615026	-1.22532	8.71632	-12.9613	8.75	-13	-1.8213	-0.910651	1.81445
8.59786	-13.2216	-2.68436	0.429961	-1.31987	8.54518	-13.1702	8.5	-13.1	-2.997	-0.999005	0.913149
8.29507	-13.2643	-2.68454	0.21263	-1.44943	8.22926	-13.1698	8.2	-13.15	-2.72741	0	1.74065
7.97775	-13.2661	-2.68932	0.0249549	-1.48045	7.82914	-13.0525	7.9	-13.15	-2.72986	0	0.866431
7.71271	-13.3312	-2.68629	-0.0229745	-1.30218	7.66145	-13.3079	7.6	-13.2	-2.9979	-0.999304	3.75839
7.40322	-13.316	-2.72761	-0.134269	-1.2504	7.21107	-13.0985	7.3	-13.25	-2.72846	0	1.95832
7.08389	-13.2187	-2.78745	-0.297327	-1.28869	6.88472	-12.9588	7	-13.2	-2.99784	0.999284	2.49503
6.79772	-13.1727	-2.80824	-0.374598	-1.20825	6.77424	-13.2337	6.7	-13.1	-2.72787	0.909275	0.87826
6.49534	-13.1384	-2.78784	-0.384909	-1.01589	6.40137	-13.0799	6.4	-13.05	-2.72678	0	4.205
6.18892	-13.0634	-2.79823	-0.421881	-0.898925	6.10143	-13.0076	6.1	-13	-2.72966	0.909888	1.50717
5.89089	-12.91	-2.88295	-0.527462	-0.923039	5.79854	-12.8478	5.8	-12.85	-2.99777	1.99851	3.74365
5.61647	-12.7711	-2.86115	-0.567285	-0.817359	5.50547	-12.5721	5.55	-12.7	-1.81798	0.908995	2.51862
5.34007	-12.5733	-2.90053	-0.657934	-0.815645	5.27506	-12.4782	5.3	-12.55	-2.72627	1.81753	0.730113
5.07737	-12.3956	-2.8963	-0.705361	-0.746235	5.04446	-12.3808	5.05	-12.35	-1.8199	1.81989	0.468514
4.83712	-12.1664	-2.92271	-0.780854	-0.732819	4.75061	-11.9803	4.85	-12.15	-1.99928	1.99929	0.549723
4.65793	-11.9146	-2.92086	-0.906233	-0.812273	4.69113	-11.9084	4.7	-11.9	-0.908236	2.72471	0.605108
4.53709	-11.6386	-2.85804	-1.06537	-0.929119	4.59746	-11.6205	4.6	-11.65	-0.909847	1.81971	4.17141
4.42239	-11.3122	-2.94626	-1.21822	-1.01247	4.47442	-11.3673	4.5	-11.35	-1.0008	4.0032	7.3683
4.39238	-11.0209	-2.88636	-1.39304	-1.1408	4.43713	-11.024	4.45	-11.05	0	1.81614	4.71188
4.38824	-10.7049	-2.8841	-1.55723	-1.20882	4.44745	-10.786	4.45	-10.8	0	2.72555	0.495694
4.40463	-10.4159	-2.86193	-1.68048	-1.19606	4.46329	-10.5756	4.45	-10.5	0	2.729	0.377465
4.46729	-10.1227	-2.85101	-1.8167	-1.20521	4.51895	-10.2367	4.5	-10.2	0.908962	2.72687	0.17943
4.56494	-9.83396	-2.85291	-1.94385	-1.18936	4.63224	-9.9707	4.6	-9.9	0.909756	2.72927	0.50242
4.65544	-9.5127	-2.88162	-2.01814	-1.07863	4.60757	-9.4335	4.7	-9.6	0.90859	2.72578	1.55108
4.81388	-9.24985	-2.87768	-2.13583	-1.06986	4.89179	-9.39473	4.85	-9.3	1.81967	2.72952	0.409075
4.97584	-8.99468	-2.87893	-2.23169	-1.04075	4.95209	-8.96272	5	-9.05	0.999884	1.99977	0.0922968
5.15068	-8.76364	-2.86688	-2.30054	-0.957391	5.20806	-8.88942	5.15	-8.8	1.81805	2.72708	1.22697
5.35872	-8.54369	-2.87451	-2.39296	-0.940631	5.3785	-8.56768	5.35	-8.55	1.99956	1.99957	0.0792248
5.55523	-8.3581	-2.81903	-2.44517	-0.844787	5.56465	-8.44845	5.5	-8.35	0.909045	1.81807	2.14296
5.74648	-8.122	-2.79699	-2.46146	-0.713045	5.64921	-8.02513	5.7	-8.1	2.72608	2.72608	2.14004
5.96254	-7.88975	-2.81245	-2.4864	-0.625875	5.93492	-7.84119	5.95	-7.85	1.81801	1.81801	0.839094
6.17672	-7.67	-2.80312	-2.49691	-0.527834	6.13741	-7.63243	6.15	-7.65	1.81798	1.81798	1.02463
6.40258	-7.46771	-2.7932	-2.51386	-0.457253	6.39143	-7.46358	6.35	-7.45	1.82027	1.82027	0.564513
6.62526	-7.27089	-2.80299	-2.55122	-0.459207	6.47916	-7.09783	6.6	-7.25	2.99862	1.99908	0.720956
6.80337	-7.03837	-2.77356	-2.49545	-0.29274	6.68682	-6.93297	6.8	-7.05	0.908005	1.816	3.29733
7.06359	-6.8876	-2.764	-2.55631	-0.334355	7.08741	-6.92602	7	-6.85	2.72856	1.81904	0.230048
7.28181	-6.67799	-2.75591	-2.51935	-0.210286	7.29976	-6.68807	7.25	-6.65	1.8202	1.8202	1.69581
7.55682	-6.55724	-2.7724	-2.61805	-0.341889	7.53544	-6.5372	7.5	-6.5	2.99964	0.999884	2.05606
7.78554	-6.40995	-2.73908	-2.6421	-0.325356	7.67559	-6.34628	7.75	-6.4	1.81709	0.908549	0.565042
8.04219	-6.27388	-2.71835	-2.6725	-0.312244	8.03231	-6.28406	8	-6.25	2.72931	1.81954	0.253095
8.25303	-6.07759	-2.7149	-2.61078	-0.163952	8.21488	-6.01843	8.25	-6.05	1.99977	1.99976	2.22168
8.5158	-5.93396	-2.7539	-2.64508	-0.203726	8.50318	-5.89335	8.5	-5.9	2.72796	0.909326	1.20939
8.74978	-5.74506	-2.74028	-2.59209	-0.0767266	8.77185	-5.74314	8.75	-5.75	1.81776	1.81775	1.76421
8.97839	-5.57602	-2.72657	-2.55928	-0.00266584	9.02394	-5.6024	8.95	-5.55	1.99657	1.99656	0.801043
9.21585	-5.41547	-2.74592	-2.58407	-0.0625182	9.04088	-5.29691	9.2	-5.4	2.72728	0.909094	1.70803
9.43229	-5.22814	-2.70878	-2.53622	0.0322801	9.39579	-5.21659	9.45	-5.25	1.81816	1.81815	1.57223
9.66728	-5.0706	-2.6722	-2.52347	0.061823	9.75019	-5.14652	9.65	-5.05	1.82036	1.82036	1.39472
9.88168	-4.86713	-2.66687	-2.45972	0.159327	9.9198	-4.86941	9.85	-4.85	1.81578	1.81577	1.05078
10.0633	-4.61854	-2.67585	-2.35503	0.296181	10.0029	-4.54771	10.05	-4.6	1.82039	2.7306	1.92913
10.2403	-4.34751	-2.71787	-2.25066	0.403131	10.1981	-4.26556	10.25	-4.3	1.81769	2.72652	2.18722
10.4732	-4.11531	-2.78043	-2.23996	0.344846	10.5985	-4.12247	10.45	-4.05	1.81792	1.81792	1.80626
10.6715	-3.86441	-2.81131	-2.20321	0.340756	10.7092	-3.85166	10.65	-3.85	1.81903	1.81904	0.378565
10.8079	-3.59869	-2.7833	-2.11691	0.424602	10.795	-3.60617	10.8	-3.6	0.909773	2.72931	1.04836
10.9916	-3.34799	-2.827	-2.11645	0.342239	10.9584	-3.30584	10.95	-3.3	1.99953	2.99928	1.819
11.1008	-3.04119	-2.87035	-2.00388	0.464539	11.1178	-2.98807	11.1	-3	0.907725	2.72317	2.29796
11.2063	-2.72773	-2.89704	-1.92621	0.50034	11.1491	-2.68183	11.2	-2.7	0.908929	2.72678	0.544253
11.1766	-2.38026	-2.87547	-1.71115	0.768266	11.1188	-2.36202	11.2	-2.4	-0.909276	2.72782	7.25371
11.3072	-2.10193	-2.86187	-1.77284	0.51142	11.2029	-2.09837	11.25	-2.1	1.81915	2.72871	7.40173
11.3372	-1.7935	-2.85068	-1.69366	0.547971	11.3011	-1.79507	11.35	-1.8	0	2.73035	0.167796
11.2579	-1.47712	-2.85	-1.53205	0.707514	11.0622	-1.44342	11.3	-1.5	-0.999165	2.99748	2.7661
11.1891	-1.19858	-2.80666	-1.40901	0.789405	11.1658	-1.23674	11.2	-1.25	-0.909822	1.81964	1.40873
11.002	-0.920567	-2.79424	-1.19023	1.00611	10.8534	-0.929069	11.05	-0.95	-1.99817	3.99632	4.96803
10.8966	-0.658015	-2.77676	-1.11227	0.956255	10.8608	-0.663121	10.9	-0.649999	-0.908549	1.8171	0.483582
10.7299	-0.411178	-2.76486	-0.96632	1.03008	10.8451	-0.437482	10.75	-0.45	-1.8174	1.81738	0.79413
10.4569	-0.214282	-2.77992	-0.728354	1.23451	10.5062	-0.245062	10.5	-0.25	-2.72796	1.81864	4.4622
10.2497	-0.0473964	-2.72688	-0.593933	1.24283	10.4884	-0.0812124	10.25	-0.0999996	-1.81964	0.909826	1.91283
9.93978	0.0469594	-2.71717	-0.369151	1.37758	9.92588	0.00395802	10	9.49949e-07	-2.73049	0.910169	1.75599
9.62521	0.0892516	-2.71779	-0.151908	1.48082	9.63973	0.0585714	9.7	0.0500011	-2.72439	0	0.977108
9.32722	0.111414	-2.72139	0.00924899	1.47707	9.32242	0.112393	9.4	0.100001	-2.72773	0.90923	0.0159734
9.05626	0.155136	-2.69266	0.0706832	1.30962	9.0614	0.20077	9.1	0.2	-2.72652	0.908843	2.58053
8.80873	0.191234	-2.604	0.108297	1.14088	8.90199	0.247143	8.85	0.25	-1.81847	0	5.68067
8.494	0.213627	-2.6411	0.126198	0.932653	8.46355	0.258809	8.55	0.25	-3.6326	0	6.63318
8.18413	0.212521	-2.64017	0.153954	0.791577	8.05161	0.241868	8.2	0.25	-2.72841	0	1.89343
7.88251	0.187437	-2.63921	0.193087	0.701184	7.78653	0.205765	7.9	0.2	-2.72708	-0.909025	0.816896
7.61779	0.105605	-2.64114	0.293924	0.744915	7.77346	0.0969346	7.6	0.100001	-2.73169	-0.910554	0.582395
7.31025	0.0339935	-2.69118	0.333195	0.666308	7.15329	0.0425189	7.3	0.0500011	-2.99789	0	1.69341
7.0857	-0.0573069	-2.62772	0.40041	0.664945	7.17215	-0.0469302	7.05	-0.0499995	-1.81811	-1.81813	1.83641
6.84415	-0.22348	-2.62597	0.548163	0.814245	6.83008	-0.250179	6.85	-0.25	-1.81646	-1.81646	2.30732
6.63583	-0.425076	-2.62452	0.710563	0.959737	6.74798	-0.457727	6.65	-0.45	-1.81901	-1.819	2.19235
6.46684	-0.696602	-2.65271	0.949353	1.23351	6.565	-0.754748	6.5	-0.749999	-0.909789	-3.63914	8.27763
6.27491	-1.01024	-2.81842	1.1731	1.43516	6.44213	-1.11266	6.4	-1.1	-1.0002	-3.00061	11.6716
6.16559	-1.29284	-2.87728	1.31773	1.43709	6.39474	-1.36501	6.3	-1.35	-1.00035	-2.00072	1.69097
6.15142	-1.58354	-2.87198	1.49953	1.50748	6.24787	-1.61119	6.25	-1.6	0	-2.99288	0.629122
6.23216	-1.88718	-2.84083	1.7201	1.60471	6.41111	-1.93027	6.3	-1.9	0.909739	-2.72921	1.21536
6.29933	-2.18622	-2.81998	1.86522	1.52853	6.53066	-2.26346	6.35	-2.2	0	-2.72782	2.62154
6.28796	-2.48999	-2.83818	1.89466	1.30418	6.27034	-2.51837	6.35	-2.55	0	-3.63689	4.45755
6.32365	-2.81201	-2.88423	1.92787	1.12928	6.45883	-2.92313	6.4	-2.9	0.908854	-2.72658	4.41055
6.40009	-3.12294	-2.89339	1.97549	0.998254	6.49154	-3.20004	6.5	-3.2	0.908863	-2.72658	1.83771
6.5257	-3.42427	-2.897	2.04341	0.917339	6.70146	-3.53446	6.6	-3.5	0.908714	-2.72613	1.12648
6.63522	-3.73206	-2.90168	2.05672	0.757773	6.70956	-3.81739	6.7	-3.8	0.909565	-2.72871	2.51424
6.7417	-4.0312	-2.88726	2.05842	0.608481	6.73758	-4.06653	6.8	-4.1	0.908566	-2.72568	2.10531
6.91469	-4.34294	-2.9415	2.09906	0.554834	7.10395	-4.4909	6.95	-4.4	1.81821	-2.72732	2.00378
7.04999	-4.63299	-2.93151	2.1073	0.456841	7.02393	-4.64459	7.1	-4.7	0.91085	-2.73253	0.951012
7.18499	-4.90937	-2.91576	2.10695	0.36377	7.24619	-4.97657	7.2	-4.95	1.00033	-2.00068	1.38497
7.3388	-5.16559	-2.94881	2.14169	0.364835	7.22054	-5.09604	7.35	-5.2	1.9976	-2.9964	1.97231
7.46486	-5.4133	-2.89106	2.14219	0.293058	7.40989	-5.38617	7.5	-5.45	0.908252	-1.8165	2.6364
7.60968	-5.67172	-2.88306	2.1561	0.263455	7.39379	-5.52612	7.65	-5.7	1.81785	-2.72677	1.12249
7.76166	-5.9318	-2.83723	2.15505	0.203687	7.84699	-6.00602	7.8	-5.95	0.909078	-1.81815	3.01527
7.94277	-6.18481	-2.84643	2.18987	0.228317	7.89511	-6.1416	7.95	-6.2	1.8197	-2.72955	0.303657
8.14183	-6.45954	-2.88039	2.20719	0.212709	8.2234	-6.53735	8.15	-6.5	1.8187	-2.72807	0.509035
8.29112	-6.7175	-2.83563	2.18326	0.124776	8.32206	-6.77114	8.3	-6.75	0.908979	-1.81795	2.72315
8.41407	-6.98129	-2.81094	2.13623	0.0171001	8.2713	-6.91098	8.4	-7	0.909094	-2.72732	1.47982
8.57525	-7.26166	-2.84059	2.11921	-0.0143099	8.54154	-7.25975	8.55	-7.3	1.81751	-2.72628	0.873947
8.71519	-7.54722	-2.82109	2.0743	-0.0965714	8.83598	-7.68162	8.7	-7.55	0.908615	-1.81723	2.21473
8.87057	-7.81195	-2.83649	2.08119	-0.0612739	8.77916	-7.72457	8.85	-7.8	1.8215	-2.73224	0.939031
9.01813	-8.10671	-2.87345	2.04889	-0.106657	9.1081	-8.22433	9	-8.1	0.999025	-2.99707	0.759642
9.11621	-8.36816	-2.82105	1.99871	-0.181455	9.13825	-8.4037	9.1	-8.35	0.908285	-1.81657	2.89084
9.24839	-8.63717	-2.81219	1.99608	-0.151004	9.22081	-8.59155	9.2	-8.6	0.91012	-2.73036	0.136171
9.35152	-8.92664	-2.81422	1.95374	-0.19404	9.30208	-8.90831	9.3	-8.9	0.909524	-2.72856	0.236647
9.44983	-9.2113	-2.83209	1.92073	-0.211902	9.39993	-9.18842	9.4	-9.2	0.999066	-2.99725	0.41746
9.53468	-9.49307	-2.83385	1.8849	-0.233316	9.48751	-9.46421	9.5	-9.5	0.909706	-2.7291	0.111633
9.61608	-9.78174	-2.84653	1.85321	-0.242044	9.57122	-9.75525	9.6	-9.8	1.00048	-3.00143	0.244476
9.67747	-10.0384	-2.82187	1.82437	-0.25075	9.61433	-9.96417	9.7	-10.05	0.998785	-1.99755	0.249919
9.73658	-10.3092	-2.78129	1.78747	-0.277279	9.77731	-10.3295	9.75	-10.3	0	-2.72851	1.41288
9.8196	-10.6265	-2.81007	1.76973	-0.254749	9.89592	-10.7137	9.8	-10.6	0.909012	-2.72704	0.373657
9.84906	-10.9141	-2.79586	1.71366	-0.307081	9.84397	-10.9287	9.85	-10.9	0	-3.00318	0.443901
9.86471	-11.1743	-2.7822	1.67479	-0.316472	9.74773	-11.0482	9.85	-11.2	0	-3.00013	0.351614
9.85984	-11.4683	-2.8106	1.60884	-0.366501	9.79495	-11.4686	9.85	-11.5	0	-2.99592	0.895825
9.79956	-11.7307	-2.74345	1.49613	-0.505311	9.76634	-11.6976	9.8	-11.75	-0.908731	-1.81746	4.46759
9.74537	-12.039	-2.74804	1.40365	-0.571621	9.7856	-12.1262	9.7	-12	-0.909591	-2.72875	0.601267
9.64692	-12.3318	-2.75472	1.29993	-0.635056	9.57233	-12.2948	9.6	-12.3	-0.908879	-2.72667	0.498356
9.47476	-12.5799	-2.71838	1.13524	-0.79829	9.37132	-12.4833	9.45	-12.55	-1.82006	-1.82006	2.99771
9.25353	-12.7782	-2.67901	0.934571	-1.00233	9.16109	-12.6848	9.2	-12.75	-3.00047	-2.00033	4.69799
9.00106	-12.9454	-2.66559	0.738052	-1.15188	8.85918	-12.7953	8.95	-12.9	-1.81543	-0.907707	2.45772
8.75242	-13.1107	-2.66575	0.592295	-1.17656	8.66865	-13.0114	8.7	-13.05	-2.73134	-1.82089	0.258374
8.42007	-13.1595	-2.6714	0.320914	-1.41868	8.27267	-12.996	8.4	-13.15	-2.99683	0	6.20918
8.14974	-13.2255	-2.65968	0.197334	-1.36247	8.04571	-13.0646	8.1	-13.2	-2.72707	-0.909028	1.02502
7.8543	-13.2986	-2.70818	0.0633046	-1.34502	7.866	-13.4154	7.8	-13.25	-2.7295	0	0.779937
7.56306	-13.3198	-2.73322	-0.0540599	-1.30632	7.50783	-13.2944	7.5	-13.25	-2.99994	0	0.404909
7.26095	-13.2619	-2.76525	-0.220247	-1.35077	7.19781	-13.1973	7.2	-13.2	-2.72698	0.908995	0.678478
6.9448	-13.2046	-2.79708	-0.321176	-1.27066	6.79473	-13.0433	6.85	-13.15	-3.63709	0	1.62985
6.63444	-13.1734	-2.85941	-0.37321	-1.15988	6.54115	-13.2079	6.5	-13.1	-3.0006	1.00018	3.15492
6.34527	-13.1625	-2.80651	-0.35043	-0.928698	6.27012	-13.1139	6.25	-13.05	-1.81729	0	6.97429
6.04876	-13.0161	-2.84555	-0.474684	-0.963682	5.99498	-12.9442	6	-12.95	-2.72861	1.81906	0.798565
5.7763	-12.892	-2.84733	-0.54007	-0.906007	5.73761	-12.8672	5.7	-12.8	-2.99988	0.999964	0.366439
5.51486	-12.7873	-2.82797	-0.556644	-0.782763	5.45236	-12.7392	5.45	-12.7	-2.00001	1	1.89851
5.28306	-12.6098	-2.8387	-0.651596	-0.807164	5.26451	-12.5511	5.25	-12.55	-1.99732	1.99733	0.115779
5.0672	-12.4394	-2.81765	-0.734395	-0.810481	5.1317	-12.5744	5.05	-12.35	-1.8206	1.82059	0.305775
4.87417	-12.1769	-2.86776	-0.885775	-0.920257	4.89215	-12.1623	4.85	-12.1	-1.9998	2.99969	2.71114
4.70213	-11.9394	-2.85274	-0.974711	-0.909079	4.6421	-11.7788	4.7	-11.85	-1.00002	2.00003	1.0052
4.57079	-11.6623	-2.88344	-1.10753	-0.975491	4.58347	-11.632	4.6	-11.6	-0.998955	2.99688	0.972161
4.48295	-11.3464	-2.92136	-1.26458	-1.06741	4.46846	-11.2092	4.5	-11.3	-1.00106	3.00319	1.42259
4.42725	-11.0775	-2.85886	-1.38944	-1.10371	4.43671	-11.0976	4.45	-11.05	0	1.8168	3.07149
4.40734	-10.7614	-2.87614	-1.53266	-1.14741	4.40556	-10.7068	4.45	-10.8	0	3.00139	0.281244
4.43327	-10.5084	-2.81755	-1.66884	-1.20396	4.44716	-10.5583	4.45	-10.55	0	2.00041	2.4911
4.47136	-10.2326	-2.8124	-1.78209	-1.1927	4.45602	-10.2142	4.5	-10.3	0.999584	2.99875	0.0403632
4.53803	-9.94248	-2.82811	-1.88535	-1.14388	4.56608	-10.005	4.55	-10	0	2.72717	0.692586
4.63946	-9.6586	-2.81458	-1.99569	-1.11794	4.62339	-9.6559	4.65	-9.7	1.8193	2.72895	0.122752
4.75611	-9.34174	-2.8849	-2.07756	-1.03954	4.74852	-9.27389	4.8	-9.4	1.00006	3.00019	2.4296
4.93896	-9.13073	-2.86628	-2.22441	-1.11936	4.98605	-9.20516	4.95	-9.15	2.00004	2.00005	0.730332
5.07868	-8.86704	-2.8932	-2.25294	-0.951977	5.12819	-8.95913	5.1	-8.9	0.999704	2.99911	4.04609
5.28516	-8.68199	-2.84719	-2.36125	-0.959176	5.33883	-8.81618	5.25	-8.65	1.81848	1.81849	0.650882
5.4452	-8.3989	-2.87818	-2.3593	-0.776492	5.38848	-8.31037	5.45	-8.4	2.00068	3.00103	3.71702
5.64384	-8.17465	-2.89813	-2.42286	-0.762779	5.56632	-8.04704	5.65	-8.15	1.99952	1.99953	0.327051
5.81801	-7.94106	-2.89073	-2.41747	-0.616883	5.78426	-7.91676	5.8	-7.95	0.999944	1.99989	2.32451
6.00334	-7.74591	-2.84643	-2.43805	-0.541738	5.92249	-7.69769	5.95	-7.75	1.99772	1.99772	1.35801
6.20962	-7.55822	-2.8055	-2.4658	-0.484679	6.16773	-7.55437	6.15	-7.55	1.8199	1.8199	0.955045
6.42955	-7.3691	-2.79645	-2.52424	-0.516011	6.25322	-7.17734	6.4	-7.35	2.99605	1.99736	1.05899
6.67817	-7.22339	-2.78475	-2.59499	-0.541875	6.67172	-7.23041	6.65	-7.2	1.8206	0.910303	0.118197
6.88129	-7.04305	-2.73916	-2.58477	-0.42534	6.79888	-6.99594	6.85	-7.05	1.99848	1.99848	2.38717
7.13564	-6.90507	-2.74353	-2.63591	-0.432563	7.17955	-6.9446	7.1	-6.85	2.72688	1.81792	0.0447323
7.36619	-6.69833	-2.75192	-2.58756	-0.271792	7.42782	-6.72337	7.35	-6.65	1.81821	1.81821	2.7315
7.60972	-6.54224	-2.7274	-2.61085	-0.260406	7.54452	-6.5069	7.55	-6.5	1.81726	0.908632	0.283326
7.88842	-6.44157	-2.71167	-2.69807	-0.352726	7.8635	-6.45394	7.8	-6.4	2.72951	0.909839	0.941576
8.08102	-6.25797	-2.66814	-2.65	-0.223949	7.89525	-6.11857	8.05	-6.25	2.00047	2.00048	2.63182
8.31745	-6.09322	-2.68704	-2.63293	-0.164303	8.31422	-6.05705	8.3	-6.05	2.72702	1.81801	0.571118
8.54879	-5.93158	-2.68867	-2.61526	-0.110241	8.53167	-5.90349	8.55	-5.9	2.00127	1.00064	0.300501
8.80258	-5.79765	-2.72628	-2.63089	-0.119574	8.88764	-5.82241	8.8	-5.75	2.99963	1.99976	0.673348
9.03666	-5.60672	-2.76971	-2.55462	0.0294172	9.21669	-5.64514	9.05	-5.55	1.99699	1.997	3.37236
9.24094	-5.38317	-2.77891	-2.47271	0.151319	9.16723	-5.29709	9.25	-5.35	1.8166	1.81659	1.65155
9.45209	-5.15795	-2.77992	-2.41095	0.221434	9.39027	-5.1041	9.45	-5.15	1.8222	1.82219	0.525158
9.68166	-5.00608	-2.75153	-2.44923	0.119373	9.62802	-5.02338	9.65	-5	1.99604	0.998028	1.3829
9.88112	-4.8275	-2.70782	-2.42422	0.147977	9.88102	-4.86216	9.85	-4.85	1.81895	1.81894	1.08579
10.0738	-4.61528	-2.68232	-2.36832	0.218584	10.0747	-4.62454	10.05	-4.6	1.81966	2.72951	0.882564
10.2585	-4.38259	-2.68773	-2.31338	0.26251	10.1743	-4.32841	10.25	-4.35	1.81908	1.81907	0.327522
10.4541	-4.15299	-2.72393	-2.26132	0.305046	10.56	-4.15868	10.45	-4.1	2.00061	3.0009	0.70731
10.664	-3.92152	-2.80536	-2.23838	0.28648	10.7738	-3.89129	10.65	-3.85	1.99963	1.99964	2.86469
10.7689	-3.63389	-2.82228	-2.09591	0.473585	10.7674	-3.58281	10.8	-3.6	0.999844	2.99952	3.72178
10.953	-3.39323	-2.87223	-2.10408	0.370226	10.9601	-3.36033	10.95	-3.35	2.00065	2.00064	2.36904
11.0493	-3.10912	-2.88363	-1.99995	0.481355	11.0282	-3.07488	11.1	-3.1	0.998546	2.99563	1.33557
11.103	-2.79644	-2.88328	-1.85214	0.652354	11.1386	-2.78926	11.15	-2.8	0	2.73104	3.03457
11.1442	-2.50591	-2.82668	-1.75216	0.705558	11.1042	-2.54354	11.15	-2.55	0	1.81785	1.45309
11.2685	-2.24949	-2.80044	-1.8057	0.478155	11.1658	-2.25651	11.25	-2.25	1.99733	3.99465	5.99576
11.3113	-1.94576	-2.82628	-1.72692	0.525521	11.3117	-1.92025	11.35	-1.95	0	1.81854	0.488049
11.3555	-1.65801	-2.79174	-1.67232	0.526866	11.4185	-1.70062	11.35	-1.7	0	2.72762	0.573314
11.2881	-1.35805	-2.75758	-1.5139	0.694284	11.2541	-1.38373	11.3	-1.4	-0.908846	2.72653	3.26928
11.1482	-1.06597	-2.73153	-1.31331	0.896691	11.0754	-1.08747	11.15	-1.1	-1.82014	2.73021	4.35875
11.0201	-0.795569	-2.73222	-1.17929	0.955309	10.9247	-0.791253	11	-0.799999	-1.00036	3.00107	0.414741
10.8411	-0.531735	-2.79415	-1.0207	1.05197	10.7146	-0.485949	10.85	-0.5	-2.00003	3.00006	3.07651
10.6709	-0.297194	-2.78901	-0.901499	1.0669	10.6895	-0.304531	10.65	-0.3	-1.81779	0.908892	0.0360003
10.4121	-0.120791	-2.79624	-0.684023	1.24147	10.5032	-0.154501	10.4	-0.15	-3.00061	2.00041	3.2927
10.1509	-0.0122771	-2.73433	-0.496788	1.33196	10.1407	-0.0721585	10.15	-0.0499992	-1.99645	0	3.34866
9.87134	0.049051	-2.71069	-0.273827	1.47326	10.0898	-0.00166396	9.9	9.49949e-07	-2.73175	0.910584	2.65644
9.57007	0.0908561	-2.7345	-0.0938744	1.5084	9.50401	0.0833188	9.6	0.100001	-2.99544	0.998471	0.492589
9.31086	0.135181	-2.68169	0.000559297	1.408	9.22819	0.16178	9.35	0.15	-1.81963	0	3.20065
9.0435	0.168302	-2.67604	0.0705515	1.27187	9.0729	0.205961	9.1	0.2	-3.00059	1.0002	1.98212
8.78834	0.204271	-2.65673	0.0943744	1.08577	8.84168	0.257617	8.8	0.25	-2.99995	0	3.57445
8.51081	0.213485	-2.65702	0.130435	0.946953	8.43549	0.247188	8.5	0.25	-2.99323	0	1.90296
8.23678	0.209899	-2.637	0.162423	0.820319	8.27073	0.243988	8.2	0.25	-2.73233	0	1.5564
7.95584	0.18368	-2.64417	0.201654	0.728603	7.98053	0.204587	7.9	0.2	-3.00234	-1.00078	0.912811
7.65382	0.137865	-2.69485	0.241124	0.659507	7.46173	0.143776	7.6	0.15	-2.99599	0	1.56913
7.40391	0.0795827	-2.63659	0.291084	0.62729	7.37986	0.0951006	7.35	0.100001	-1.81801	-0.908998	2.30636
7.14361	-0.0315004	-2.64939	0.387302	0.676675	7.32548	-0.0461763	7.1	-0.0499995	-2.72495	-1.81664	1.06967
6.95808	-0.22085	-2.57906	0.59356	0.94367	7.09668	-0.264116	6.9	-0.25	-0.910634	-1.82126	9.62701
6.67302	-0.416517	-2.70767	0.712	0.972805	6.64638	-0.45061	6.7	-0.45	-2.99641	-1.99759	6.63948
6.48618	-0.674535	-2.74521	0.924007	1.20212	6.50462	-0.718	6.5	-0.7	-0.909955	-2.72986	5.91241
6.33799	-0.954627	-2.79261	1.1195	1.34833	6.42547	-0.999512	6.4	-1	-0.999224	-2.99766	3.00153
6.16237	-1.24927	-2.89862	1.25492	1.35205	6.14523	-1.27904	6.3	-1.3	-0.908722	-2.72618	2.38286
6.21311	-1.57421	-2.84072	1.51674	1.55599	6.37158	-1.60661	6.3	-1.6	0.910485	-2.73144	4.64142
6.23927	-1.86692	-2.81944	1.68259	1.54774	6.34	-1.88987	6.35	-1.9	0	-2.99515	0.37939
6.26295	-2.15959	-2.83023	1.79716	1.45611	6.45002	-2.23466	6.35	-2.2	0	-2.72856	1.65445
6.32722	-2.47127	-2.86933	1.91788	1.39397	6.4979	-2.56206	6.4	-2.5	0.908227	-2.7247	1.2127
6.38004	-2.76131	-2.82617	1.97109	1.21273	6.46538	-2.81029	6.45	-2.8	0	-2.72732	5.81277
6.42797	-3.06872	-2.84612	1.99204	1.03387	6.36717	-3.08903	6.5	-3.15	0.909078	-3.6363	4.0208
6.49151	-3.39151	-2.86085	1.97407	0.802768	6.6454	-3.53435	6.6	-3.5	0.910038	-2.7301	5.78358
6.58143	-3.70586	-2.86567	1.97664	0.645155	6.70981	-3.81998	6.7	-3.8	0.908095	-2.7243	2.66416
6.68056	-4.00391	-2.85033	1.99083	0.538456	6.72525	-4.05329	6.8	-4.1	0.910949	-2.73284	1.33493
6.78791	-4.27397	-2.81826	2.01375	0.47145	6.86491	-4.32753	6.9	-4.35	0.999834	-1.99968	1.83587
6.93851	-4.53769	-2.85801	2.07546	0.498202	6.99339	-4.57763	7.05	-4.6	1.99653	-2.99479	1.03024
7.07616	-4.77403	-2.82856	2.12405	0.494238	7.11889	-4.79341	7.2	-4.85	1.00098	-2.00196	0.944914
7.22224	-5.03245	-2.81781	2.14497	0.434182	7.28536	-5.09276	7.3	-5.1	0.90969	-2.72906	0.723412
7.38568	-5.30728	-2.86949	2.16137	0.380237	7.33914	-5.30864	7.45	-5.4	1.99976	-2.99964	2.75382
7.51779	-5.55847	-2.84562	2.14755	0.280245	7.59167	-5.64447	7.6	-5.65	1.00038	-2.00076	2.04259
7.67553	-5.82181	-2.86574	2.15528	0.240424	7.6402	-5.81769	7.75	-5.9	1.81659	-2.7249	0.595191
7.82967	-6.07962	-2.8221	2.15626	0.189321	7.91394	-6.15143	7.9	-6.15	0.909251	-1.81851	2.64714
8.02278	-6.33347	-2.82661	2.19587	0.222526	8.10134	-6.38026	8.05	-6.35	1.81576	-1.81577	0.216189
8.23966	-6.58895	-2.85465	2.24389	0.264091	8.3424	-6.65648	8.25	-6.6	1.8218	-2.73269	0.504426
8.40715	-6.86265	-2.84898	2.21291	0.153662	8.46635	-6.96022	8.4	-6.9	0.907987	-2.72401	1.57757
8.54216	-7.15912	-2.84986	2.13683	-0.0138685	8.53661	-7.23635	8.5	-7.2	0.910054	-2.73014	2.83374
8.68625	-7.43608	-2.86323	2.09894	-0.0790008	8.70486	-7.48959	8.65	-7.45	1.99827	-1.99828	0.532712
8.81058	-7.70018	-2.8535	2.06342	-0.127072	8.74707	-7.66927	8.8	-7.7	0.909061	-2.72717	0.301139
8.93087	-7.98344	-2.84473	2.01961	-0.180179	8.88546	-7.96913	8.9	-8	0.908945	-2.72688	0.323837
9.05736	-8.26007	-2.83472	1.99802	-0.183847	9.03618	-8.239	9.05	-8.25	1.82026	-1.82027	0.0426107
9.196	-8.51748	-2.84221	2.01097	-0.123846	9.14011	-8.44049	9.2	-8.5	0.999884	-2.99963	0.741487
9.30348	-8.77333	-2.84235	1.99018	-0.13651	9.23666	-8.722	9.3	-8.8	0.999284	-2.99783	0.145881
9.4017	-9.04973	-2.81468	1.94518	-0.19614	9.47823	-9.13791	9.4	-9.05	0.909209	-1.81844	1.67181
9.50206	-9.32862	-2.80302	1.92174	-0.198646	9.44585	-9.27158	9.5	-9.3	0.908483	-2.72543	0.0800847
9.62135	-9.62462	-2.81349	1.9111	-0.180628	9.6872	-9.68187	9.6	-9.6	0.909756	-2.72927	0.114097
9.74317	-9.93287	-2.85633	1.89882	-0.168964	9.86489	-10.0711	9.7	-9.9	0.998626	-2.99586	0.743043
9.79241	-10.2077	-2.81723	1.83652	-0.248614	9.75497	-10.1932	9.75	-10.2	0	-2.72857	1.50764
9.85158	-10.5053	-2.81883	1.79535	-0.268009	9.77249	-10.4428	9.8	-10.5	0.909773	-2.7293	0.237244
9.87869	-10.8058	-2.79666	1.72318	-0.343754	9.86786	-10.8223	9.85	-10.8	0	-2.72846	0.937713
9.88924	-11.1111	-2.79219	1.65249	-0.398009	9.84594	-11.0973	9.85	-11.1	0	-2.72748	0.301672
9.89486	-11.42	-2.8152	1.59163	-0.42602	9.8926	-11.463	9.85	-11.4	0	-2.9967	0.326845
9.8671	-11.715	-2.8021	1.50834	-0.49705	9.89882	-11.7746	9.8	-11.7	-0.909227	-2.72768	0.879232
9.79389	-12.0158	-2.79212	1.40022	-0.58856	9.75738	-12.0161	9.7	-12	-0.908714	-2.72613	0.888884
9.66931	-12.2915	-2.76329	1.26333	-0.714363	9.60373	-12.2428	9.6	-12.25	-0.909639	-1.81931	1.88962
9.49337	-12.5163	-2.6975	1.09969	-0.867454	9.38815	-12.3607	9.45	-12.45	-1.81824	-1.81825	3.91392
9.29434	-12.7534	-2.68629	0.921279	-1.01988	9.33568	-12.8372	9.2	-12.65	-2.72578	-1.81718	2.99313
9.07444	-12.9477	-2.67078	0.778544	-1.06611	8.97697	-12.8161	8.95	-12.85	-1.8192	-1.81921	0.4485
8.80907	-13.1144	-2.68512	0.620595	-1.11889	8.64934	-12.9537	8.7	-13.05	-2.72781	-1.81854	1.08548
8.47825	-13.2188	-2.72598	0.366447	-1.33914	8.43462	-13.263	8.4	-13.15	-2.72644	0	5.65306
8.17125	-13.2498	-2.72597	0.160277	-1.44236	8.10139	-13.1447	8.1	-13.15	-3.00083	0	1.17521
7.89753	-13.311	-2.72807	0.0637714	-1.34682	7.85182	-13.2702	7.8	-13.2	-2.72553	-0.908516	1.20929
7.5714	-13.2951	-2.78082	-0.118062	-1.40409	7.51359	-13.2891	7.5	-13.2	-2.72544	0.908483	1.47463
7.2691	-13.2776	-2.78108	-0.214713	-1.308	7.19553	-13.2012	7.2	-13.15	-2.73035	0	1.25196
6.95887	-13.2488	-2.80497	-0.292562	-1.20832	6.87644	-13.2105	6.85	-13.15	-3.63616	0	1.28689
6.65244	-13.2426	-2.77679	-0.29222	-0.99465	6.53838	-13.1322	6.55	-13.15	-1.81656	0	5.71395
6.34162	-13.1572	-2.79644	-0.364063	-0.930094	6.22921	-13.0167	6.3	-13.1	-2.73109	0.910352	0.940408
6.03937	-12.9911	-2.85697	-0.501762	-0.984756	5.95573	-12.8757	6	-12.95	-2.72331	1.81553	1.89321
5.76023	-12.8728	-2.84002	-0.553909	-0.896594	5.73901	-12.8863	5.7	-12.8	-2.72842	0.909475	0.894265
5.47368	-12.714	-2.8745	-0.618819	-0.845285	5.41889	-12.699	5.4	-12.65	-2.731	1.82067	0.97362
5.20781	-12.5347	-2.88164	-0.682698	-0.797376	5.16911	-12.5003	5.15	-12.45	-1.81821	1.8182	0.257435
4.98743	-12.3375	-2.87335	-0.768225	-0.800799	4.99996	-12.3538	4.95	-12.25	-1.99957	1.99957	0.0356432
4.82273	-12.1173	-2.83014	-0.880325	-0.848532	4.83937	-12.0439	4.8	-12.05	-0.999954	1.99993	1.99115
4.64615	-11.8398	-2.88944	-0.994889	-0.88876	4.5839	-11.6711	4.65	-11.8	-2.0002	3.00031	1.83402
4.52698	-11.5993	-2.83541	-1.10305	-0.923611	4.53697	-11.5591	4.55	-11.55	0	1.99749	2.65649
4.44377	-11.2605	-2.90638	-1.28001	-1.04833	4.47604	-11.2089	4.5	-11.25	-0.90916	3.63662	4.5519
4.4099	-10.9613	-2.84216	-1.44012	-1.13987	4.39651	-10.8822	4.45	-10.95	0	1.81807	5.30517
4.41988	-10.6614	-2.82938	-1.59916	-1.20228	4.493	-10.7885	4.45	-10.7	0	2.72865	0.531604
4.44099	-10.3624	-2.81829	-1.71879	-1.18226	4.44399	-10.3941	4.45	-10.4	0	2.72392	0.0766611
4.49923	-10.0787	-2.79922	-1.83494	-1.15937	4.53203	-10.1814	4.5	-10.1	0.909624	2.72885	0.231715
4.59702	-9.7723	-2.81855	-1.963	-1.15752	4.57622	-9.70974	4.6	-9.8	0.909111	2.72733	0.124743
4.73319	-9.49374	-2.82614	-2.08639	-1.14572	4.76627	-9.54952	4.75	-9.5	1.81921	2.7288	0.161354
4.8829	-9.19059	-2.87584	-2.17574	-1.06901	4.89701	-9.18082	4.9	-9.2	0.908739	2.72622	1.61356
5.06942	-8.97298	-2.82944	-2.28641	-1.0547	5.09012	-9.06486	5.05	-8.95	1.8169	1.81688	0.602361
5.24864	-8.69953	-2.85493	-2.3431	-0.949023	5.21345	-8.63875	5.25	-8.7	1.8201	2.73014	1.31103
5.42949	-8.45459	-2.8328	-2.38195	-0.834492	5.35874	-8.39385	5.4	-8.45	0.910244	1.82049	1.58164
5.59652	-8.22345	-2.80508	-2.37385	-0.653147	5.63723	-8.3352	5.55	-8.2	1.99657	2.99484	4.52841
5.79375	-7.98837	-2.82186	-2.41764	-0.624107	5.69655	-7.84304	5.75	-7.95	1.81871	1.81872	0.438509
6.0196	-7.78019	-2.81656	-2.47662	-0.61391	5.9537	-7.7033	6	-7.75	2.72961	1.81974	0.135199
6.23763	-7.55722	-2.85002	-2.49233	-0.535533	6.27	-7.55894	6.25	-7.55	1.9992	1.9992	1.07596
6.45547	-7.34836	-2.8553	-2.5044	-0.463643	6.44365	-7.32743	6.45	-7.35	1.81911	1.81911	0.546055
6.6882	-7.17779	-2.83424	-2.53348	-0.421163	6.71635	-7.22979	6.65	-7.15	1.99996	1.99996	0.489522
6.91297	-7.03103	-2.80454	-2.58443	-0.438355	6.81357	-6.96259	6.85	-7	1.99752	0.998765	0.51903
7.13809	-6.86722	-2.77558	-2.61315	-0.415901	7.00414	-6.76319	7.1	-6.85	2.73035	1.82023	0.600241
7.35222	-6.66842	-2.77448	-2.58667	-0.306645	7.28718	-6.59248	7.35	-6.65	2.0006	2.0006	1.2672
7.5904	-6.53305	-2.76914	-2.62345	-0.315458	7.58756	-6.53752	7.55	-6.5	1.99841	0.999204	0.0214296
7.85306	-6.42883	-2.78196	-2.71025	-0.416587	7.78988	-6.37954	7.8	-6.4	2.99952	0.999844	1.42554
8.07755	-6.26779	-2.73862	-2.66646	-0.257196	8.1289	-6.31809	8.05	-6.25	1.81603	1.81603	4.23776
8.28721	-6.06856	-2.70219	-2.60942	-0.12258	8.12981	-5.95044	8.25	-6.05	1.81921	1.81921	2.4113
8.55515	-5.93897	-2.71577	-2.66785	-0.209011	8.45627	-5.87026	8.5	-5.9	2.729	0.909673	1.2815
8.80013	-5.77619	-2.71765	-2.66394	-0.176007	8.68227	-5.68169	8.8	-5.75	2.72771	1.81848	0.4225
9.01458	-5.57611	-2.7175	-2.58527	-0.020579	8.99196	-5.51961	9.05	-5.55	1.99939	1.9994	2.34537
9.24807	-5.41553	-2.71329	-2.56896	0.0112301	9.25593	-5.41629	9.25	-5.4	1.81776	0.90888	0.116866
9.43026	-5.19558	-2.65789	-2.46659	0.183456	9.35852	-5.15981	9.45	-5.2	1.81545	2.72317	4.36011
9.63909	-4.96985	-2.68153	-2.39749	0.25675	9.60543	-4.91132	9.65	-4.95	1.82145	1.82147	0.92591
9.87456	-4.78125	-2.69308	-2.37991	0.247689	10.0131	-4.84834	9.85	-4.75	1.81961	1.8196	0.275831
10.0659	-4.5677	-2.70449	-2.33935	0.264839	9.99978	-4.51909	10.05	-4.55	1.99827	1.99828	0.241958
10.2261	-4.31914	-2.71851	-2.25301	0.354402	10.1567	-4.25503	10.25	-4.3	1.81693	2.72538	1.014
10.425	-4.08471	-2.74328	-2.2368	0.30827	10.3715	-4.04505	10.45	-4.05	1.81951	1.8195	0.723593
10.6276	-3.85199	-2.76076	-2.22535	0.269873	10.6459	-3.84961	10.65	-3.85	1.81817	1.81818	0.273752
10.8341	-3.61594	-2.77929	-2.21095	0.250025	10.9384	-3.6422	10.85	-3.6	1.81621	2.7243	0.211229
10.9778	-3.32481	-2.80288	-2.09988	0.393516	11.1095	-3.32648	11	-3.3	0.908632	2.72588	2.47144
11.0812	-3.01567	-2.82414	-1.99722	0.479987	10.9851	-2.95299	11.1	-3	0.909905	2.72971	1.10247
11.1146	-2.69715	-2.801	-1.84432	0.643254	11.0233	-2.67356	11.15	-2.7	0	2.72847	2.79502
11.167	-2.39653	-2.7912	-1.73617	0.714887	11.2541	-2.42353	11.15	-2.4	0	2.72732	0.81264
11.3006	-2.11233	-2.80546	-1.78993	0.4838	11.2203	-2.08998	11.25	-2.1	1.81905	2.72856	6.03295
11.2782	-1.79329	-2.80421	-1.61946	0.687504	11.3928	-1.80815	11.3	-1.8	-0.90916	2.72747	4.68829
11.29	-1.4961	-2.78856	-1.55035	0.680678	11.3341	-1.51762	11.25	-1.5	0	2.72321	0.140821
11.2298	-1.186	-2.79981	-1.41098	0.793268	11.3121	-1.19064	11.2	-1.2	-0.909524	2.72856	1.55465
11.0564	-0.889715	-2.8052	-1.19575	0.998738	10.9982	-0.893223	11.05	-0.9	-1.81945	2.72916	4.29221
10.9292	-0.602945	-2.81366	-1.1001	0.969047	10.8362	-0.586	10.9	-0.599999	-0.909839	2.72952	0.251044
10.6699	-0.364694	-2.86324	-0.861433	1.18994	10.6309	-0.359954	10.7	-0.349999	-2.99538	1.99692	6.49893
10.4601	-0.167731	-2.81991	-0.735546	1.18417	10.4322	-0.19515	10.45	-0.2	-1.81715	0.908579	1.14003
10.1525	-0.0461799	-2.78857	-0.492875	1.35896	10.2068	-0.109014	10.2	-0.0999996	-2.73194	0.910655	3.3332
9.84835	0.0389178	-2.77477	-0.287688	1.44656	9.89001	0.00816785	9.9	9.49949e-07	-2.72481	0.908268	0.876426
9.57576	0.0994706	-2.72045	-0.139153	1.43642	9.63528	0.0929341	9.65	0.100001	-1.81759	0.908784	2.7008
9.31807	0.135551	-2.69559	-0.00859949	1.4045	9.56225	0.148577	9.4	0.15	-2.72659	0	0.832454
9.04538	0.170366	-2.66889	0.0678617	1.27422	9.0821	0.207802	9.1	0.2	-2.72925	0.909752	1.66913
8.7813	0.208059	-2.63328	0.0991718	1.08583	8.94634	0.26481	8.8	0.25	-2.72783	0	3.89626
8.48871	0.215597	-2.62251	0.141673	0.943978	8.46866	0.251128	8.5	0.25	-2.72395	0	1.85992
8.20725	0.181402	-2.62145	0.214501	0.885759	8.28111	0.196974	8.2	0.2	-2.73278	-0.910929	0.473992
7.87036	0.141657	-2.7227	0.243636	0.749732	7.74678	0.154598	7.85	0.15	-3.9992	0	8.10937
7.62434	0.117786	-2.65692	0.2504	0.625706	7.61982	0.157052	7.55	0.15	-1.99868	0	3.88909
7.34046	0.0772916	-2.66063	0.256958	0.510005	7.34481	0.102019	7.3	0.100001	-2.72622	-0.908734	1.33556
7.08498	-0.0339374	-2.633	0.364598	0.613146	7.05721	-0.05037	7.05	-0.0499995	-1.81887	-1.81889	1.66041
6.84878	-0.205956	-2.62472	0.532576	0.813814	6.87212	-0.243254	6.85	-0.25	-1.81792	-1.81792	3.94312
6.62505	-0.411938	-2.64738	0.701148	0.970372	6.75759	-0.453523	6.65	-0.45	-1.81881	-1.8188	2.67297
6.41449	-0.687157	-2.73396	0.923065	1.20188	6.60438	-0.765755	6.45	-0.749999	-1.81971	-3.63941	7.6195
6.26719	-1.01657	-2.84048	1.20673	1.53992	6.35624	-1.10001	6.35	-1.1	0	-2.99522	16.0412
6.1578	-1.33578	-2.93415	1.4015	1.61961	6.30992	-1.40686	6.35	-1.4	0	-2.72817	3.28121
6.1818	-1.65942	-2.91496	1.602	1.64218	6.50996	-1.74616	6.35	-1.7	0	-2.72628	1.36777
6.20924	-1.96985	-2.89505	1.74732	1.56004	6.38849	-2.02257	6.35	-2	0	-2.73154	2.20114
6.23914	-2.25779	-2.87399	1.84891	1.44175	6.28921	-2.27735	6.35	-2.3	0	-2.99503	2.54562
6.3046	-2.54818	-2.88806	1.9575	1.37475	6.30986	-2.56694	6.4	-2.6	0.909996	-2.73	0.514199
6.39205	-2.84393	-2.88585	2.04167	1.2625	6.40481	-2.87127	6.5	-2.9	0.907593	-2.72277	1.17088
6.46666	-3.15627	-2.87344	2.03827	1.00761	6.70928	-3.32749	6.55	-3.25	0	-3.63617	7.2818
6.51693	-3.48101	-2.87478	1.99159	0.73215	6.52015	-3.55608	6.6	-3.6	0.909673	-2.72901	7.68472
6.63877	-3.77853	-2.87626	2.03399	0.660043	6.71319	-3.83967	6.75	-3.85	1.81795	-1.81795	0.596806
6.82141	-4.08452	-2.92235	2.09853	0.635755	7.13409	-4.28567	6.9	-4.15	0.909979	-3.63994	1.76858
6.9442	-4.37478	-2.88847	2.093	0.491649	7.00947	-4.44692	7	-4.45	0.907889	-1.81577	3.30217
7.08954	-4.67312	-2.89959	2.09575	0.393442	7.15974	-4.75194	7.1	-4.7	0.909789	-2.72935	1.04102
7.25744	-4.97402	-2.94375	2.11428	0.347351	7.2829	-5.01975	7.25	-5	1.81861	-2.72792	1.53758
7.37711	-5.25618	-2.93393	2.08706	0.228529	7.32687	-5.26205	7.4	-5.3	0.999994	-3	1.48823
7.51647	-5.51509	-2.91447	2.10205	0.211998	7.47116	-5.48352	7.55	-5.55	1.81749	-1.81749	0.205835
7.68401	-5.78854	-2.90008	2.1232	0.204488	7.78563	-5.85993	7.7	-5.8	0.909598	-2.72881	0.745174
7.8411	-6.04669	-2.87851	2.14292	0.199778	7.79663	-6.00945	7.85	-6.05	1.81964	-1.81964	0.213338
8.0395	-6.30777	-2.92586	2.18939	0.248496	8.04642	-6.30578	8.05	-6.3	1.99731	-2.99599	1.88108
8.19805	-6.54646	-2.87667	2.19752	0.213054	8.26534	-6.60186	8.2	-6.55	0.909111	-1.81822	2.72722
8.33941	-6.80359	-2.8523	2.17598	0.132988	8.2109	-6.73286	8.3	-6.8	0.90845	-2.72534	0.931868
8.52464	-7.10448	-2.90336	2.15603	0.069456	8.61718	-7.22425	8.45	-7.1	1.81925	-2.72886	1.56452
8.69535	-7.36934	-2.89703	2.15718	0.0573991	8.69659	-7.3744	8.65	-7.35	1.82079	-1.8208	0.0476325
8.83843	-7.61513	-2.88831	2.14843	0.034045	8.68846	-7.50096	8.8	-7.6	0.997629	-2.99288	0.554564
8.92928	-7.87507	-2.84401	2.07778	-0.0976783	8.77486	-7.80083	8.9	-7.9	0.909127	-2.72742	2.65804
9.01565	-8.15132	-2.79962	2.00319	-0.212989	8.92041	-8.11276	9	-8.15	0.909524	-1.81903	2.28745
9.12058	-8.42673	-2.7872	1.96472	-0.238814	9.04724	-8.3711	9.1	-8.4	0.909922	-2.72975	0.164276
9.23849	-8.69908	-2.80178	1.95961	-0.19422	9.09379	-8.55764	9.25	-8.7	1.8169	-2.72535	1.65627
9.37361	-8.97232	-2.79602	1.96771	-0.144561	9.40597	-8.96981	9.4	-9	0.910219	-2.73069	0.281024
9.47337	-9.27341	-2.82441	1.91969	-0.199774	9.51544	-9.36256	9.5	-9.3	0.997908	-2.99371	0.626374
9.56048	-9.54071	-2.78529	1.88698	-0.227787	9.62711	-9.59131	9.6	-9.55	0.909971	-1.81993	1.69656
9.63945	-9.81472	-2.75133	1.8561	-0.242219	9.63311	-9.79216	9.65	-9.8	0	-2.73054	0.68377
9.71602	-10.0876	-2.76318	1.83959	-0.220455	9.61381	-9.98703	9.7	-10.1	0.998187	-2.99456	0.791151
9.79004	-10.3705	-2.7725	1.81719	-0.216848	9.7698	-10.3568	9.8	-10.4	0.909806	-2.7294	0.0987974
9.84119	-10.6621	-2.75117	1.76957	-0.261398	9.8617	-10.6917	9.85	-10.7	0	-2.72718	0.649492
9.84891	-10.9499	-2.72874	1.69449	-0.338152	9.75887	-10.887	9.85	-11	0	-2.72395	0.776722
9.86176	-11.2618	-2.74176	1.62912	-0.384164	9.87244	-11.316	9.85	-11.3	0	-2.73074	0.28199
9.87096	-11.5801	-2.7595	1.57338	-0.407732	9.93142	-11.6783	9.85	-11.6	0	-2.72396	0.240415
9.83656	-11.8687	-2.75656	1.49688	-0.463373	9.80843	-11.8702	9.8	-11.9	-1.0005	-3.00149	0.319874
9.68744	-12.1318	-2.70688	1.29922	-0.724175	9.64519	-12.1714	9.65	-12.15	-1.81799	-1.81797	8.88144
9.5452	-12.4234	-2.73552	1.16256	-0.810058	9.47014	-12.4324	9.45	-12.4	-1.82042	-2.73064	1.22483
9.32342	-12.6656	-2.75276	0.960457	-1.00201	9.21558	-12.6577	9.25	-12.65	-1.99893	-1.99891	3.84198
9.1263	-12.8781	-2.74679	0.830368	-1.0436	9.08802	-12.8351	9.05	-12.85	-1.81839	-1.81839	0.189867
8.84091	-13.0524	-2.75915	0.59955	-1.25028	8.8569	-13.1416	8.8	-13	-2.72942	-0.909806	4.71816
8.58138	-13.1956	-2.76852	0.47032	-1.23633	8.49168	-13.0983	8.5	-13.15	-2.99987	-1.99991	0.39599
8.27283	-13.2162	-2.75285	0.232793	-1.42506	8.19421	-13.0768	8.25	-13.2	-1.99797	0.998985	3.77168
8.00951	-13.2664	-2.71386	0.118747	-1.35908	7.9999	-13.1879	8	-13.2	-2.73	-0.910004	1.12479
7.68312	-13.2483	-2.7478	-0.0704252	-1.41765	7.57824	-13.1345	7.65	-13.25	-3.62957	0	1.03519
7.38135	-13.2647	-2.76893	-0.15974	-1.3135	7.33241	-13.2718	7.3	-13.25	-2.7301	0	1.2523
7.07156	-13.2446	-2.78601	-0.240834	-1.21166	6.97467	-13.1643	7	-13.25	-2.72703	0	1.37313
6.75843	-13.2121	-2.82426	-0.315722	-1.13215	6.7113	-13.2598	6.7	-13.2	-2.72742	0.909144	1.30056
6.44631	-13.0951	-2.85432	-0.426061	-1.10293	6.32545	-12.9303	6.4	-13.1	-2.72703	0.908994	0.833617
6.14828	-13.0082	-2.85185	-0.475395	-0.99257	6.09711	-13.0021	6.1	-13	-2.73	0.910004	1.23477
5.8698	-12.9426	-2.84277	-0.496074	-0.874015	5.89343	-13.1185	5.8	-12.9	-2.99275	0.99759	1.68407
5.61006	-12.8057	-2.84316	-0.571874	-0.851749	5.61778	-12.8527	5.55	-12.75	-1.81993	1.81994	0.0841944
5.36076	-12.5889	-2.85006	-0.691825	-0.884462	5.30917	-12.4284	5.35	-12.55	-1.81722	1.81723	0.445002
5.124	-12.3863	-2.85987	-0.780781	-0.874186	5.13338	-12.4375	5.1	-12.35	-2.72881	1.8192	0.174105
4.92044	-12.176	-2.81923	-0.863831	-0.852997	4.92993	-12.1787	4.9	-12.15	-0.908467	1.81693	1.14522
4.75063	-11.9049	-2.84741	-1.00061	-0.924771	4.79909	-11.9738	4.75	-11.9	-1.81788	2.72684	1.40263
4.58723	-11.6361	-2.81936	-1.08614	-0.895122	4.50688	-11.4491	4.6	-11.65	-0.909963	1.81994	2.22165
4.46629	-11.3132	-2.87558	-1.21866	-0.943787	4.46798	-11.2692	4.5	-11.35	-0.909227	3.63689	2.16318
4.40184	-11.0606	-2.80058	-1.33436	-0.979382	4.47788	-11.2387	4.4	-11.05	-0.909227	1.81845	2.97509
4.36947	-10.7607	-2.77121	-1.4715	-1.03652	4.34978	-10.6819	4.4	-10.8	0.9094	2.72823	1.65192
4.38713	-10.4589	-2.79494	-1.6189	-1.09727	4.45256	-10.5332	4.45	-10.5	0	3.00113	0.998473
4.44304	-10.1485	-2.82918	-1.77375	-1.17279	4.41237	-9.99477	4.5	-10.2	0.999524	2.99855	1.08528
4.53913	-9.85521	-2.86784	-1.92108	-1.21738	4.57379	-9.85032	4.6	-9.9	0.998267	2.9948	0.877046
4.66864	-9.59049	-2.84417	-2.07137	-1.27269	4.60255	-9.4741	4.7	-9.65	0.910924	1.82187	1.3738
4.79115	-9.3157	-2.83291	-2.14374	-1.14146	4.78405	-9.35872	4.8	-9.4	0.908038	2.72411	1.86778
4.94381	-9.03834	-2.84301	-2.22123	-1.04901	4.92663	-9.02336	4.95	-9.1	1.81851	2.72776	0.927763
5.11561	-8.75286	-2.87786	-2.28336	-0.949126	5.1055	-8.72095	5.15	-8.8	1.8165	2.72476	1.36406
5.33321	-8.53134	-2.87042	-2.38785	-0.947918	5.34134	-8.5519	5.35	-8.55	1.82159	1.8216	0.017442
5.51819	-8.30545	-2.82651	-2.41035	-0.793688	5.5122	-8.36624	5.5	-8.35	0.908054	1.81609	3.33234
5.75879	-8.17028	-2.74801	-2.52551	-0.831568	5.72065	-8.20245	5.7	-8.15	2.72851	1.81902	1.95554
5.95324	-7.92377	-2.75847	-2.49939	-0.626185	5.99121	-7.96746	5.95	-7.9	1.81851	2.72777	5.15722
6.18046	-7.71836	-2.76516	-2.52289	-0.548117	6.20599	-7.74241	6.15	-7.65	1.81739	1.81739	0.731737
6.40084	-7.50365	-2.76792	-2.52303	-0.449885	6.39144	-7.48582	6.35	-7.45	1.8164	1.81641	1.01278
6.64987	-7.3175	-2.78518	-2.56041	-0.433821	6.66209	-7.31025	6.6	-7.25	2.72856	1.81904	0.142698
6.8713	-7.10215	-2.78529	-2.5412	-0.3296	6.83447	-7.05268	6.85	-7.05	1.82066	1.82066	1.09567
7.12191	-6.91871	-2.82944	-2.57104	-0.333491	7.13677	-6.88363	7.1	-6.85	2.99976	1.99984	0.935619
7.29071	-6.67109	-2.82208	-2.47319	-0.125022	7.234	-6.59525	7.3	-6.65	0.999384	1.99876	4.54851
7.60724	-6.60122	-2.82859	-2.63807	-0.368614	7.67988	-6.69347	7.5	-6.55	2.72747	0	6.09037
7.86082	-6.47258	-2.76277	-2.65265	-0.301067	7.94309	-6.60222	7.75	-6.45	1.81623	1.81624	3.6584
8.11773	-6.35699	-2.72557	-2.72562	-0.376109	7.9171	-6.24084	8	-6.3	2.72648	0.908821	1.5237
8.33195	-6.16239	-2.68285	-2.63823	-0.155654	8.37368	-6.18614	8.25	-6.1	1.81898	2.72847	6.70848
8.59166	-6.00945	-2.71587	-2.6717	-0.205717	8.43843	-5.87193	8.5	-5.9	2.72647	0.90883	2.19846
8.81546	-5.81338	-2.7022	-2.60733	-0.0673474	8.76652	-5.75601	8.75	-5.75	1.81789	1.81788	1.94099
9.05271	-5.61487	-2.73457	-2.57853	-0.0298372	8.91028	-5.47662	9	-5.55	2.73109	1.82073	1.81725
9.28658	-5.40802	-2.74653	-2.51465	0.0794977	9.32693	-5.39468	9.25	-5.35	1.81796	1.81795	1.2506
9.52787	-5.20752	-2.77805	-2.49624	0.081471	9.4498	-5.12838	9.5	-5.15	2.72905	1.81937	1.01982
9.71994	-4.97538	-2.7678	-2.38459	0.261886	9.83281	-5.00671	9.7	-4.95	0.998666	1.99733	3.82667
9.93109	-4.784	-2.75811	-2.36446	0.253933	9.96003	-4.81123	9.85	-4.75	1.8172	1.81719	0.104367
10.1432	-4.57754	-2.74728	-2.34451	0.24201	10.1357	-4.58625	10.05	-4.55	1.82042	1.82043	0.0665035
10.3861	-4.38504	-2.76891	-2.38154	0.127049	10.3185	-4.35401	10.3	-4.35	2.72672	1.81782	1.92298
10.5288	-4.11153	-2.7439	-2.24007	0.345054	10.5826	-4.11494	10.5	-4.1	0.908764	2.72628	5.50156
10.6982	-3.84831	-2.76527	-2.1763	0.381042	10.6618	-3.80699	10.65	-3.8	1.8194	2.72911	0.404965
10.8911	-3.59984	-2.79353	-2.16756	0.318251	10.8593	-3.57039	10.85	-3.55	1.81839	1.81838	0.923724
11.0131	-3.31292	-2.78962	-2.06475	0.43157	11.0183	-3.30073	11	-3.3	0.908549	2.72563	1.31672
11.1282	-3.02656	-2.78939	-1.98702	0.480158	11.1054	-3.01303	11.1	-3	0.90888	2.72663	0.23385
11.228	-2.72927	-2.80176	-1.91547	0.505513	11.1758	-2.69942	11.2	-2.7	0.909988	2.72995	0.193475
11.2436	-2.41251	-2.78265	-1.72703	0.746505	11.4549	-2.46508	11.2	-2.4	-0.907692	2.72306	7.64516
11.3748	-2.12652	-2.80164	-1.78861	0.490475	11.2202	-2.08177	11.25	-2.1	1.8219	2.73284	8.06732
11.3706	-1.80811	-2.80367	-1.6767	0.574829	11.224	-1.77367	11.35	-1.8	0	2.71996	0.872524
11.3675	-1.49665	-2.80408	-1.59523	0.59718	11.2691	-1.47976	11.35	-1.5	0	2.73448	0.151103
11.2352	-1.19214	-2.8066	-1.37131	0.864914	11.2507	-1.19626	11.25	-1.2	-1.99969	2.99952	7.6185
11.1171	-0.913859	-2.81892	-1.24144	0.925369	10.9697	-0.89157	11.1	-0.9	-1.00006	3.00024	0.671311
10.9482	-0.649354	-2.8202	-1.07646	1.03314	10.8913	-0.655608	10.95	-0.649999	-1.81771	1.81773	1.21752
10.7703	-0.409172	-2.78993	-0.932535	1.08373	10.827	-0.442912	10.75	-0.45	-1.81842	1.8184	0.625108
10.4962	-0.223925	-2.81728	-0.693269	1.29138	10.5503	-0.248633	10.5	-0.25	-3.00035	2.00024	5.2146
10.2552	-0.0848364	-2.78201	-0.537792	1.32844	10.2559	-0.115293	10.25	-0.0999996	-2.00053	1.00027	0.929641
10.0219	0.0320568	-2.74337	-0.409041	1.32217	10.0717	0.0165033	10.05	9.49949e-07	-2.00009	1.00004	1.14462
9.73558	0.0703049	-2.7489	-0.192641	1.46304	9.8478	0.0279858	9.8	0.0500011	-3.00025	0	2.05965
9.46715	0.100768	-2.75843	-0.0416244	1.4731	9.54682	0.0997641	9.5	0.100001	-2.99825	0.999409	0.262028
9.23337	0.115218	-2.68468	0.0747551	1.42964	9.46113	0.134275	9.25	0.15	-1.81915	0	3.44367
8.96847	0.145577	-2.67156	0.120574	1.24184	9.02723	0.196492	9	0.2	-2.99927	0.99976	3.63563
8.69869	0.184618	-2.65686	0.116801	1.00226	8.67607	0.247512	8.7	0.25	-2.99873	0	5.61458
8.42214	0.204595	-2.62776	0.125273	0.821906	8.44086	0.253341	8.4	0.25	-2.72872	0	3.1274
8.13075	0.186465	-2.64798	0.166796	0.733221	8.1066	0.204722	8.1	0.2	-2.99909	-0.9997	1.03877
7.85061	0.143952	-2.68032	0.219192	0.689405	7.82213	0.149733	7.8	0.15	-3.00101	0	0.808668
7.56762	0.0902778	-2.68093	0.264761	0.637777	7.49691	0.101076	7.5	0.100001	-2.72698	-0.908982	0.295124
7.2974	-0.000799194	-2.66636	0.348233	0.674288	7.13188	-0.00451978	7.25	9.49949e-07	-2.00032	-1.00016	1.11778
6.99118	-0.133503	-2.74015	0.450148	0.73471	6.77233	-0.150907	7	-0.15	-2.72534	-1.8169	2.25858
6.78116	-0.322917	-2.69706	0.632148	0.95526	6.70421	-0.347264	6.8	-0.349999	-1.00053	-2.00107	7.44018
6.58105	-0.518221	-2.72009	0.767518	1.03306	6.72084	-0.550555	6.65	-0.549999	-2.00016	-2.00017	1.10242
6.41824	-0.756834	-2.73256	0.951081	1.20685	6.40088	-0.78131	6.5	-0.799999	-0.999884	-2.99963	3.8081
6.27549	-1.02974	-2.79803	1.13787	1.35022	6.37766	-1.0844	6.4	-1.1	-0.999984	-2.99995	3.56674
6.22344	-1.32996	-2.84286	1.3532	1.5138	6.5527	-1.43518	6.35	-1.4	0	-3.00132	4.85377
6.20398	-1.61967	-2.81797	1.5128	1.50122	6.33086	-1.6454	6.35	-1.65	0	-1.81769	0.446241
6.22932	-1.92036	-2.82716	1.68794	1.53122	6.34522	-1.96081	6.35	-1.95	0	-3.99976	0.276693
6.22127	-2.19557	-2.83072	1.76465	1.39159	6.3068	-2.23646	6.35	-2.25	0	-2	2.53448
6.25499	-2.46378	-2.81075	1.85334	1.29802	6.26272	-2.46894	6.35	-2.5	0	-3	1.46316
6.33173	-2.73671	-2.83107	1.95786	1.25879	6.38105	-2.77438	6.4	-2.8	1.00003	-3.00012	0.433797
6.38391	-3.03285	-2.89142	1.97587	1.08164	6.50958	-3.15806	6.5	-3.15	0.999284	-3.99712	6.47898
6.45411	-3.33158	-2.8815	1.98121	0.882559	6.64067	-3.46888	6.6	-3.45	0.909922	-1.81983	4.3835
6.58635	-3.6177	-2.90162	2.05399	0.843615	6.70376	-3.69784	6.7	-3.7	0.999335	-2.99802	0.499854
6.68457	-3.89989	-2.88442	2.06375	0.69844	6.65288	-3.91672	6.8	-4	0.908549	-2.72564	2.01284
6.80594	-4.1899	-2.85084	2.07174	0.563411	6.9447	-4.2991	6.9	-4.25	0.90988	-1.81977	3.64496
6.96324	-4.46109	-2.8622	2.11781	0.534486	7.09552	-4.55441	7	-4.5	1.00008	-3.00024	0.374896
7.12261	-4.75096	-2.92787	2.12261	0.438254	7.25009	-4.88515	7.15	-4.8	1.99984	-2.99976	3.40147
7.25008	-5.00742	-2.89541	2.11791	0.342581	7.33292	-5.08676	7.3	-5.05	1.00028	-2.00057	2.45301
7.38816	-5.25969	-2.88647	2.12599	0.291658	7.40318	-5.28627	7.4	-5.3	1.00003	-3.00012	0.37401
7.52107	-5.51686	-2.89119	2.11993	0.225298	7.46878	-5.50726	7.55	-5.55	1.99961	-1.99961	0.554703
7.66288	-5.77013	-2.88378	2.11994	0.180398	7.70927	-5.8194	7.7	-5.8	1.00027	-3.00084	0.412975
7.80366	-6.00865	-2.87819	2.1341	0.175117	7.71187	-5.94164	7.85	-6.05	1.9998	-1.99981	0.174737
7.95515	-6.23799	-2.8411	2.1539	0.17609	8.03808	-6.28852	8	-6.25	1.00004	-2.00008	1.66408
8.12636	-6.4893	-2.88375	2.1724	0.179502	8.1071	-6.48544	8.15	-6.5	1.99951	-2.99928	1.38889
8.28558	-6.72335	-2.8297	2.1837	0.161552	8.38768	-6.7963	8.3	-6.75	0.90921	-1.81841	3.36578
8.45611	-7.00374	-2.86075	2.16099	0.0858126	8.58336	-7.15056	8.4	-7	1.0001	-3.00036	1.07784
8.57418	-7.23893	-2.84762	2.13489	0.0260559	8.37938	-7.10665	8.55	-7.25	1.99907	-1.99908	1.07528
8.72014	-7.50418	-2.87036	2.10933	-0.0253968	8.76035	-7.57239	8.7	-7.5	1.00058	-3.00174	0.502058
8.828	-7.74747	-2.82673	2.06842	-0.0983237	8.81118	-7.75569	8.8	-7.75	0.999844	-1.99968	1.83304
9.00077	-8.02692	-2.90176	2.0753	-0.063285	9.07758	-8.1058	8.95	-8	2.00017	-3.00024	3.01946
9.10715	-8.26638	-2.85519	2.04583	-0.107922	9.05557	-8.22632	9.1	-8.25	0.998905	-1.99781	1.33101
9.24672	-8.53009	-2.84399	2.03801	-0.10443	9.30408	-8.57245	9.2	-8.5	0.908863	-2.72657	0.286522
9.33394	-8.80055	-2.81416	1.98486	-0.175948	9.15971	-8.67034	9.3	-8.8	0.909475	-2.72841	1.02496
9.45005	-9.10523	-2.86089	1.94459	-0.21004	9.47941	-9.179	9.4	-9.1	0.999765	-2.99935	1.15104
9.52552	-9.37511	-2.81823	1.89251	-0.268586	9.53008	-9.38561	9.5	-9.35	0.908962	-1.81792	1.62589
9.62336	-9.65373	-2.80128	1.87742	-0.244886	9.60163	-9.60777	9.6	-9.6	0.909988	-2.72996	0.168883
9.72075	-9.94154	-2.80334	1.86551	-0.217298	9.69155	-9.89958	9.7	-9.9	0.907972	-2.7239	0.154572
9.77146	-10.2147	-2.76045	1.81628	-0.262841	9.69256	-10.1336	9.75	-10.2	0	-2.73106	0.951509
9.85249	-10.5124	-2.80137	1.80192	-0.232778	9.8242	-10.5024	9.8	-10.5	1	-2.99999	1.341
9.88682	-10.7861	-2.79932	1.75175	-0.275638	9.82501	-10.7525	9.85	-10.8	0	-3.00047	0.248857
9.88073	-11.0606	-2.76283	1.65636	-0.399727	9.91881	-11.1448	9.85	-11.05	0	-1.9956	3.22764
9.88554	-11.3367	-2.74542	1.60499	-0.416254	9.83851	-11.2795	9.85	-11.3	0	-2.73184	0.147018
9.85699	-11.6225	-2.7434	1.52731	-0.471257	9.79654	-11.5922	9.8	-11.6	-0.998566	-2.9957	0.341675
9.82063	-11.9219	-2.76824	1.45967	-0.49448	9.77699	-11.9246	9.75	-11.9	0	-2.73084	0.473375
9.70651	-12.2078	-2.74992	1.32062	-0.639415	9.63743	-12.1863	9.65	-12.2	-1.81598	-2.72396	2.17228
9.5203	-12.4702	-2.72507	1.12155	-0.864571	9.47157	-12.4849	9.45	-12.45	-1.82132	-1.82133	5.31116
9.35451	-12.7286	-2.73113	0.999227	-0.90804	9.32154	-12.7193	9.3	-12.65	-0.908038	-1.81606	0.202659
9.10112	-12.893	-2.66891	0.78065	-1.12096	9.04013	-12.7738	9.05	-12.85	-3.64007	-1.82004	5.8781
8.82893	-13.0531	-2.69594	0.584147	-1.24705	8.73518	-13.0163	8.75	-13	-1.9959	-0.997948	1.97964
8.5528	-13.1501	-2.68282	0.401379	-1.33105	8.48414	-13.0416	8.5	-13.1	-2.73149	-0.910502	0.817443
8.26412	-13.2514	-2.70381	0.260136	-1.3154	8.19497	-13.1991	8.2	-13.2	-2.72385	-0.907955	0.34319
7.95515	-13.2761	-2.7073	0.0835574	-1.36079	7.88931	-13.1791	7.9	-13.25	-2.72673	0	0.326784
7.63802	-13.2709	-2.73409	-0.0711722	-1.3608	7.52542	-13.1457	7.6	-13.25	-2.72991	0	0.610081
7.30342	-13.2065	-2.81086	-0.259573	-1.42504	7.19347	-13.1392	7.25	-13.2	-3.63887	0.909723	2.88576
6.99977	-13.2009	-2.8107	-0.299302	-1.24383	6.90569	-13.1515	6.9	-13.15	-2.72312	0	3.73797
6.70703	-13.227	-2.81383	-0.295203	-1.05254	6.69425	-13.3705	6.6	-13.15	-3.00475	0	3.67035
6.4365	-13.1739	-2.80831	-0.353404	-0.982175	6.4246	-13.2048	6.35	-13.1	-1.9976	0.998786	0.511706
6.15918	-13.0965	-2.80466	-0.416987	-0.924502	6.162	-13.1569	6.1	-13	-2.72732	0.909111	0.370851
5.86248	-12.9787	-2.81525	-0.478602	-0.85575	5.78183	-12.8825	5.8	-12.9	-2.72895	0.909657	0.701056
5.57988	-12.8249	-2.83951	-0.562713	-0.839976	5.54035	-12.7925	5.55	-12.75	-1.81808	1.81809	0.318422
5.3309	-12.6223	-2.85233	-0.682589	-0.883378	5.33087	-12.5965	5.3	-12.55	-2.7236	1.81575	0.242118
5.09525	-12.4556	-2.82902	-0.745673	-0.835466	5.13793	-12.5907	5.05	-12.35	-1.81967	1.81966	0.501881
4.86482	-12.2066	-2.8698	-0.848168	-0.84822	4.81467	-12.1072	4.85	-12.1	-1.81844	2.72766	0.794219
4.70617	-11.9255	-2.83785	-0.99347	-0.924801	4.6829	-11.7433	4.7	-11.85	-0.909557	1.8191	2.68046
4.58094	-11.6405	-2.82828	-1.1368	-0.993345	4.61619	-11.6508	4.6	-11.6	-0.907782	2.72335	0.504035
4.48971	-11.2826	-2.90173	-1.3082	-1.08135	4.48104	-11.1618	4.5	-11.25	-0.910253	3.64099	3.57816
4.4578	-10.9948	-2.83601	-1.45796	-1.15022	4.46178	-10.9843	4.45	-10.95	0	1.81804	4.33586
4.47145	-10.7638	-2.7434	-1.59535	-1.19436	4.60972	-11.1274	4.45	-10.75	0	1.81614	4.03362
4.45373	-10.4415	-2.78542	-1.66952	-1.07852	4.43099	-10.4242	4.45	-10.45	0	3.6396	2.91793
4.51541	-10.1354	-2.79377	-1.80663	-1.11027	4.52156	-10.1192	4.5	-10.1	0.910021	2.73005	0.115506
4.60065	-9.81706	-2.84863	-1.92411	-1.09997	4.5897	-9.73457	4.6	-9.8	0.999085	2.99725	1.17546
4.70685	-9.5409	-2.83115	-2.03408	-1.10119	4.61159	-9.38621	4.7	-9.55	0.910095	1.82021	0.909457
4.82986	-9.26346	-2.8427	-2.11563	-1.03633	4.80746	-9.23434	4.85	-9.3	1.99828	2.99743	0.489967
4.98038	-8.97736	-2.89287	-2.18551	-0.953158	5.03379	-9.03255	5	-9	0.908384	2.72514	2.13409
5.17885	-8.75463	-2.8618	-2.29494	-0.957731	5.21058	-8.83852	5.15	-8.75	1.81679	1.8168	0.278535
5.35695	-8.49948	-2.85568	-2.33749	-0.841919	5.33786	-8.49992	5.35	-8.5	1.82017	2.73024	1.44191
5.57019	-8.27	-2.85859	-2.4058	-0.796895	5.58025	-8.28767	5.55	-8.25	1.81852	1.81852	0.244683
5.80045	-8.07503	-2.83896	-2.47442	-0.754793	5.83663	-8.14888	5.75	-8.05	1.81752	1.81753	0.43546
6.02079	-7.89722	-2.78361	-2.51973	-0.678771	5.99151	-7.92468	5.95	-7.85	1.8194	1.8194	1.72842
6.19604	-7.63234	-2.77208	-2.47352	-0.484973	6.05883	-7.47931	6.15	-7.6	1.81742	2.72613	4.21016
6.43224	-7.42283	-2.79545	-2.5219	-0.493385	6.3458	-7.29797	6.4	-7.35	2.7248	1.81653	0.547664
6.67624	-7.23772	-2.79698	-2.56738	-0.485817	6.61964	-7.17343	6.65	-7.2	1.81957	0.909789	0.0911264
6.93054	-7.06615	-2.80054	-2.60839	-0.46804	6.919	-7.04822	6.9	-7.05	2.72946	1.81964	0.0397134
7.15322	-6.8541	-2.79224	-2.57557	-0.332847	7.12574	-6.81829	7.15	-6.85	1.81554	1.81554	1.89443
7.37316	-6.66019	-2.7585	-2.55523	-0.238216	7.30586	-6.61905	7.35	-6.65	1.82007	1.82007	1.42187
7.64456	-6.52151	-2.76464	-2.62663	-0.31803	7.59546	-6.48319	7.6	-6.5	2.72628	0.908764	0.813186
7.89377	-6.39387	-2.7136	-2.66359	-0.3119	7.8486	-6.40709	7.85	-6.4	1.81656	0.908285	1.28224
8.13853	-6.26432	-2.67458	-2.69428	-0.304434	8.05398	-6.23227	8.1	-6.25	2.73006	1.82003	0.704284
8.3855	-6.08171	-2.70889	-2.66903	-0.225758	8.32369	-5.98136	8.4	-6.05	2.72692	1.81795	1.5713
8.61927	-5.87848	-2.7193	-2.59942	-0.0772079	8.63806	-5.84559	8.65	-5.85	1.81844	1.81844	2.18001
8.89214	-5.69741	-2.7744	-2.57857	-0.0346992	9.00947	-5.71389	8.9	-5.65	2.72464	1.81643	1.62512
9.12644	-5.48093	-2.79115	-2.51138	0.0766147	9.13937	-5.44533	9.15	-5.45	1.81916	1.81918	1.37565
9.35876	-5.297	-2.77749	-2.50357	0.0707191	9.26221	-5.25032	9.35	-5.3	1.81895	0.909466	0.15804
9.58685	-5.10967	-2.7463	-2.45685	0.15202	9.71784	-5.19928	9.55	-5.1	1.81986	2.72981	2.11869
9.78544	-4.88885	-2.73559	-2.40315	0.206092	9.67182	-4.82288	9.75	-4.85	1.81736	1.81735	0.438731
9.98639	-4.66808	-2.73082	-2.35538	0.245361	9.94653	-4.64316	9.95	-4.65	1.81806	1.81805	0.167116
10.2648	-4.48644	-2.78452	-2.39829	0.130902	10.4074	-4.52899	10.2	-4.45	2.72609	1.8174	2.39771
10.4046	-4.20869	-2.75738	-2.25467	0.34564	10.3837	-4.17982	10.4	-4.2	0.908945	2.72688	4.98926
10.6059	-3.97759	-2.77215	-2.24366	0.293812	10.5531	-3.94939	10.55	-3.95	1.81903	1.81904	0.550962
10.7658	-3.71241	-2.78431	-2.18946	0.316024	10.6157	-3.63689	10.75	-3.7	1.81931	2.72896	0.61674
10.8851	-3.42303	-2.80939	-2.08553	0.423599	10.8149	-3.35552	10.9	-3.4	0.999745	2.99928	1.60177
11.0506	-3.16865	-2.83725	-2.09275	0.320533	10.9078	-3.10703	11.05	-3.15	1.81764	1.81765	2.30517
11.1707	-2.88468	-2.82694	-2.02121	0.381285	11.1507	-2.87978	11.2	-2.9	0.909657	2.72896	0.41049
11.1723	-2.56683	-2.79417	-1.80863	0.683458	11.2614	-2.58697	11.2	-2.6	-0.998725	2.99617	10.7594
11.2624	-2.29249	-2.79528	-1.78357	0.600909	11.2346	-2.28949	11.2	-2.3	0.908813	2.72643	0.780427
11.3243	-1.99972	-2.78222	-1.75283	0.52935	11.1623	-1.9797	11.3	-2	0.909855	2.72956	1.01582
