0	0	0	0	0	0	0	0	0	0	0	0
0.878184	0.0873469	1.5268	-2.87399e-17	-2.14279e-16	1.81209	0.0474826	2.09897	0.0522228	2.19595	0.109339	1.18954
4.97278	-0.0226128	3.52035	0.13532	-0.0607583	4.19528	0.218461	4.29136	0.215312	2.28434	0.226323	0.802951
5.82931	1.07395	3.29848	0.0998228	-0.300631	6.43926	0.472879	6.56942	0.496096	2.36382	0.348847	0.284419
8.69076	0.917798	3.58903	-0.0659578	-0.117909	8.89749	0.886982	8.92437	0.89924	2.43359	0.474526	0.984197
11.428	1.50272	3.37114	0.295129	0.153707	11.4447	1.42958	11.3468	1.427	2.49328	0.600781	0.995424
13.9833	2.0239	2.9451	0.182647	-0.0451895	13.6572	1.99915	13.827	2.07904	2.5429	0.724947	4.66081
16.4457	2.87551	2.80856	0.386263	0.150591	16.282	2.84648	16.3554	2.85243	2.58284	0.844365	1.18328
19.2027	3.84321	2.88679	0.358776	0.0179018	19.363	3.87122	18.923	3.74161	2.61382	0.95648	0.79235
21.7059	4.763	2.84681	0.344414	-0.0125759	21.6213	4.74762	21.5215	4.73855	2.63679	1.05891	0.298705
24.4538	5.88366	2.98785	0.414857	0.0457483	24.5601	5.92334	24.1437	5.83295	2.65286	1.14952	0.977202
26.7764	6.96057	2.87073	0.428444	0.00940391	26.5419	6.90075	26.7833	7.01246	2.6632	1.22647	1.76137
29.4023	8.21225	2.97834	0.453236	0.0116058	29.4716	8.24519	29.4352	8.26299	2.66893	1.28822	0.620291
31.849	9.50974	2.95802	0.495003	0.02736	31.7928	9.49891	32.0955	9.56901	2.67104	1.33358	0.178128
34.7913	10.8933	3.18204	0.426689	-0.0452033	35.0599	10.9953	34.7608	10.9139	2.67035	1.3617	2.16852
37.4991	12.2832	3.2058	0.473159	0.0156203	37.4973	12.2943	37.4287	12.2803	2.66736	1.37209	0.146266
40.017	13.6638	3.13711	0.505516	0.0219262	39.9009	13.6243	40.0971	13.6505	2.66232	1.36458	0.470984
42.6229	14.9991	3.13939	0.458418	-0.0367949	42.5714	14.9817	42.7638	15.0065	2.65515	1.33938	0.381482
45.4999	16.4492	3.28281	0.457743	-0.0142233	45.649	16.5213	45.4265	16.3307	2.64546	1.297	0.821733
48.0774	17.6011	3.15183	0.40674	-0.0381509	47.9331	17.5349	48.0823	17.6063	2.6326	1.23832	0.770388
50.6552	18.8077	3.1066	0.425909	-0.00227059	50.5737	18.7834	50.7276	18.8172	2.61569	1.16454	0.267908
53.4575	19.8449	3.1442	0.336073	-0.0580528	53.5277	19.862	53.3577	19.9486	2.59372	1.07716	0.115172
55.9747	21.0013	3.05786	0.415866	0.0267262	55.867	20.985	55.9669	20.9874	2.56561	0.978022	0.434169
58.6047	22.0011	3.05386	0.36343	-0.0251587	58.5799	21.9815	58.5483	21.9225	2.53033	0.869205	0.127725
60.987	22.7322	2.89723	0.280309	-0.0626987	60.7648	22.6398	61.0941	22.7449	2.48697	0.753031	1.52253
63.6441	23.6936	2.96445	0.337791	0.011253	63.7478	23.7442	63.5955	23.4479	2.43482	0.631987	0.304697
66.0601	24.0501	2.79531	0.150099	-0.106712	65.8838	23.9541	66.0431	24.0276	2.37349	0.508655	1.39101
68.6374	24.5895	2.8329	0.180342	-0.0168156	68.6759	24.6059	68.4273	24.4824	2.30293	0.385623	0.126999
70.9326	24.721	2.68508	0.0436913	-0.0881348	70.7403	24.6728	70.7385	24.8137	2.22347	0.265395	1.13113
73.1825	24.9978	2.59458	0.069975	-0.0295624	73.0732	25.0343	72.9675	25.025	2.13584	0.150292	0.40522
75.1937	25.1324	2.43317	0.0411324	-0.0311357	74.9748	25.1378	75.1062	25.1224	2.04114	0.0423626	1.26248
77.2177	25.2586	2.3377	0.0207722	-0.0417093	77.1386	25.2948	77.1475	25.1137	1.9408	-0.0566979	0.404727
79.2298	24.9952	2.29606	-0.150642	-0.113223	79.1718	24.9698	79.0861	25.0086	1.83649	-0.145607	0.166496
81.1776	24.7981	2.24203	-0.183276	-0.0894427	81.1423	24.8704	80.9183	24.8178	1.73008	-0.223536	0.195449
82.7717	24.6448	2.03015	-0.195838	-0.0727412	82.5085	24.8114	82.6423	24.5525	1.6235	-0.29012	1.90181
84.4046	24.2908	1.95527	-0.240658	-0.0539731	84.2898	24.3312	84.2584	24.2245	1.51869	-0.345444	0.333633
86.0136	23.7488	1.92761	-0.343984	-0.0817916	85.9743	23.7547	85.7688	23.8451	1.41749	-0.390006	0.0529878
87.6243	23.3978	1.87431	-0.308243	-0.0494956	87.6171	23.5127	87.1776	23.4252	1.32159	-0.424654	0.29783
88.7336	22.812	1.67174	-0.473399	-0.111018	88.4191	22.9498	88.4904	22.9745	1.23247	-0.450514	2.33731
89.8893	22.312	1.56068	-0.527387	-0.107439	89.7821	22.4826	89.7145	22.5017	1.15138	-0.468904	0.543594
90.9751	21.9104	1.43878	-0.469613	-0.0242989	90.8419	22.0974	90.858	22.0141	1.07929	-0.481241	0.711933
92.0842	21.4505	1.39176	-0.427317	0.00357095	92.0492	21.5289	91.9302	21.5174	1.01698	-0.488963	0.0960119
93.2745	21.0495	1.39965	-0.329623	0.0441152	93.3186	21.0712	92.9411	21.016	0.964993	-0.493443	0.0717275
93.9974	20.4494	1.25439	-0.53537	-0.0691391	93.7423	20.5071	93.9011	20.513	0.92369	-0.495918	1.63781
94.649	19.8282	1.17325	-0.70162	-0.104455	94.494	19.8854	94.8209	20.01	0.893308	-0.497439	0.617139
95.5872	19.4825	1.14509	-0.468707	0.0574693	95.6097	19.5804	95.7116	19.5078	0.87398	-0.498816	0.330176
96.5192	18.9373	1.18646	-0.450221	0.04303	96.559	18.8688	96.5842	19.0066	0.865773	-0.50059	0.0656704
97.4769	18.309	1.26581	-0.475515	0.032357	97.5333	18.1735	97.45	18.506	0.868716	-0.503009	0.278749
98.4331	18.0616	1.22319	-0.296485	0.0880136	98.4162	18.1556	98.3198	18.0049	0.882804	-0.506023	0.124492
99.1446	17.3704	1.17438	-0.543478	-0.0440802	98.9782	17.2949	99.2049	17.503	0.908006	-0.509278	1.09336
100.277	17.0426	1.27232	-0.273943	0.112984	100.441	16.9521	100.117	17.0001	0.944242	-0.512134	0.722962
101.211	16.5056	1.27112	-0.375246	0.0236463	101.169	16.4353	101.066	16.497	0.991362	-0.513687	0.188349
102.111	15.9254	1.29346	-0.460045	-0.000256257	102.081	15.8359	102.063	15.9949	1.04911	-0.512803	0.279448
102.886	15.2043	1.28582	-0.591027	-0.0164611	102.776	15.1195	103.119	15.4967	1.11708	-0.508169	0.809392
103.912	14.7918	1.30223	-0.333164	0.151041	103.905	14.7607	104.244	15.0064	1.19469	-0.498349	0.409528
105.178	14.1977	1.4519	-0.27596	0.123096	105.316	14.0026	105.447	14.5293	1.28111	-0.481861	0.774124
106.429	14.2222	1.48544	0.096142	0.252758	106.439	14.2401	106.737	14.0724	1.37529	-0.457255	0.329627
107.984	13.7812	1.63883	-0.135888	0.0212272	108.131	13.6844	108.122	13.644	1.47592	-0.423202	1.10946
109.358	13.2762	1.68834	-0.307821	-0.0482212	109.388	13.1556	109.606	13.2536	1.58144	-0.378583	0.419165
111.17	13.1744	1.88544	0.0112627	0.167837	111.426	12.9557	111.196	12.9118	1.69008	-0.322574	2.06004
112.812	12.8914	1.92377	-0.0448813	0.0623193	112.797	12.8241	112.893	12.6299	1.7999	-0.254723	0.299646
114.737	12.4369	2.08452	-0.180884	-0.0180492	114.916	12.3187	114.699	12.4195	1.90891	-0.175007	1.15324
116.735	12.2281	2.23647	-0.051459	0.0920193	116.871	12.0659	116.611	12.2921	2.01507	-0.0838683	1.22689
118.786	12.3913	2.31072	0.144453	0.146421	118.85	12.4063	118.628	12.2586	2.11647	0.0177712	0.359668
120.895	12.2106	2.38265	-0.00972108	-0.0147902	120.934	12.1905	120.743	12.3289	2.21139	0.128528	0.507925
123.076	12.7203	2.48006	0.237124	0.121733	123.142	12.7694	122.95	12.5114	2.29835	0.246599	0.521041
125.34	12.9003	2.58809	0.0836421	-0.0586768	125.376	12.9964	125.242	12.8125	2.37624	0.369827	1.21655
127.547	13.1544	2.60622	0.0809093	-0.0260329	127.506	13.153	127.609	13.2365	2.44434	0.495787	0.494105
130.118	13.7196	2.79491	0.235407	0.0645606	130.334	13.781	130.042	13.7853	2.50232	0.621879	1.52142
132.463	14.2672	2.8441	0.227002	0.00195223	132.447	14.3423	132.53	14.458	2.55028	0.74543	0.686292
135.051	14.616	2.93664	0.109806	-0.0727427	135.127	14.6575	135.066	15.2513	2.58865	0.863795	0.508576
137.601	16.3155	3.05841	0.60248	0.215981	137.653	16.5145	137.639	16.1592	2.61821	0.974442	1.34464
140.257	17.365	3.13637	0.371118	-0.0688505	140.305	17.5379	140.242	17.1733	2.63994	1.07503	0.792358
142.769	18.2619	3.0561	0.293057	-0.0951145	142.626	18.1458	142.868	18.2829	2.65497	1.16346	0.817339
145.624	19.2213	3.25716	0.224858	-0.0984243	145.789	19.3785	145.51	19.4754	2.66445	1.23795	1.48331
148.187	20.8042	3.27643	0.483859	0.0788064	148.146	20.9376	148.163	20.7364	2.66951	1.29702	0.496527
150.715	21.8605	3.25211	0.418956	-0.02159	150.649	21.8148	150.825	22.0502	2.67111	1.33953	0.54148
153.459	22.8933	3.27007	0.32057	-0.0755602	153.466	22.9115	153.491	23.3999	2.66999	1.3647	0.0927758
156.002	24.8449	3.35185	0.594216	0.0970835	156.009	25.0678	156.159	24.7682	2.66666	1.37208	0.498887
158.942	26.0016	3.43794	0.323935	-0.128445	159.014	26.1903	158.827	26.1372	2.66127	1.36157	0.676448
161.611	27.6945	3.41302	0.485904	0.0257702	161.529	27.8454	161.493	27.4891	2.65371	1.33344	0.443458
164.139	29.2467	3.42582	0.532035	0.0180279	164.116	29.315	164.155	28.8064	2.64354	1.28825	0.166055
166.808	30.0709	3.305	0.384438	-0.0618621	166.748	29.7121	166.809	30.0721	2.63006	1.22694	0.829636
169.441	30.8599	3.21833	0.276595	-0.0919249	169.345	30.7063	169.452	31.2706	2.61238	1.15075	0.517075
172.08	32.4767	3.33692	0.464313	0.0431486	172.135	32.6666	172.079	32.3873	2.58945	1.06126	0.663378
174.501	33.8906	3.33038	0.535262	0.0458154	174.474	33.9157	174.685	33.4094	2.56021	0.960341	0.110901
177.218	34.3403	3.19788	0.319646	-0.0609008	177.211	33.8467	177.261	34.3262	2.52363	0.850119	1.04229
179.65	35.4779	3.12626	0.390544	0.00548603	179.543	35.4767	179.799	35.1289	2.47883	0.732949	0.368958
182.07	36.3183	3.1016	0.346942	-0.0211711	182.047	36.2626	182.292	35.8114	2.42515	0.611338	0.0940007
184.787	36.3288	3.06684	0.0520116	-0.144529	184.833	36.1451	184.73	36.37	2.36226	0.487877	0.260052
187.313	36.8475	3.07378	0.0955834	-0.0523026	187.296	36.9375	187.103	36.804	2.29017	0.365145	0.0945649
189.797	36.928	3.02621	0.011776	-0.0692543	189.738	36.951	189.401	37.1147	2.20928	0.245623	0.113368
191.921	36.9036	2.86716	-0.114682	-0.117107	191.682	37.1147	191.615	37.3064	2.12038	0.131592	1.28018
193.859	36.935	2.69073	-0.184901	-0.120956	193.555	37.4234	193.738	37.3854	2.02462	0.0250453	1.77329
195.785	36.895	2.51932	-0.248067	-0.129713	195.507	37.4891	195.762	37.3598	1.92349	-0.072386	1.46391
197.765	36.8398	2.39725	-0.214008	-0.0623745	197.582	37.303	197.683	37.2395	1.81869	-0.159495	0.71532
199.57	36.8028	2.23427	-0.228111	-0.0755432	199.356	37.3527	199.497	37.0353	1.71212	-0.235529	0.997731
201.169	36.8821	2.06451	-0.200296	-0.0567903	200.932	37.4694	201.203	36.7587	1.6057	-0.300201	1.14108
202.759	36.8605	1.9618	-0.189169	-0.0570665	202.65	37.2445	202.801	36.4213	1.50137	-0.353671	0.424688
204.031	36.1943	1.86904	-0.430642	-0.129297	203.809	36.2941	204.294	36.0343	1.40095	-0.396497	1.29395
