0	0	0	0	0	0	0	0	0	0
1.55941	-0.138498	1.56135	-0.138671	1.55944	-0.138501	2.09897	0.0522228	2.19595	0.109339
3.88784	-0.134739	2.63108	0.0599553	3.89093	-0.134166	4.29136	0.215312	2.28434	0.226323
6.86148	0.413909	3.17263	0.832523	6.86352	0.416818	6.56942	0.496096	2.36382	0.348847
9.08363	0.597511	1.6085	-0.235359	9.07733	0.593211	8.92437	0.89924	2.43359	0.474526
11.5695	1.65797	3.07489	1.93039	11.5755	1.6669	11.3468	1.427	2.49328	0.600781
13.5994	2.3208	1.31711	-0.201801	13.5921	2.31191	13.827	2.07904	2.5429	0.724947
16.6335	2.89751	4.21319	1.11136	16.6456	2.903	16.3554	2.85243	2.58284	0.844365
19.0235	3.70768	1.13427	0.602739	19.0106	3.70555	18.923	3.74161	2.61382	0.95648
21.323	4.72909	3.10309	1.31013	21.3312	4.73205	21.5215	4.73855	2.63679	1.05891
24.0812	5.57298	2.52017	0.522187	24.0787	5.56968	24.1437	5.83295	2.65286	1.14952
26.6052	6.95492	2.52675	1.97533	26.6053	6.96102	26.7833	7.01246	2.6632	1.22647
29.5832	8.09382	3.28942	0.56155	29.5864	8.08789	29.4352	8.26299	2.66893	1.28822
31.9482	9.87154	1.72683	2.61722	31.9416	9.88017	32.0955	9.56901	2.67104	1.33358
34.6091	10.7114	3.30568	-0.387045	34.6157	10.6988	34.7608	10.9139	2.67035	1.3617
37.1458	12.0759	2.00597	2.5736	37.1404	12.0883	37.4287	12.2803	2.66736	1.37209
40.3202	13.4749	3.98103	0.588222	40.3285	13.4666	40.0971	13.6505	2.66232	1.36458
42.7772	14.824	1.40488	1.87423	42.7664	14.8294	42.7638	15.0065	2.65515	1.33938
45.3489	16.5534	3.37722	1.6295	45.3572	16.5524	45.4265	16.3307	2.64546	1.297
48.1581	17.2898	2.41706	0.119866	48.1541	17.2835	48.0823	17.6063	2.6326	1.23832
50.6224	19.0604	2.49695	2.91011	50.6228	19.0721	50.7276	18.8172	2.61569	1.16454
53.7225	19.9128	3.51639	-0.568052	53.7268	19.8982	53.3577	19.9486	2.59372	1.07716
56.0407	21.08	1.49112	2.36504	56.0322	21.0923	55.9669	20.9874	2.56561	0.978022
58.6552	21.7938	3.38998	-0.426083	58.6632	21.7821	58.5483	21.9225	2.53033	0.869205
60.8805	22.7776	1.42126	1.95717	60.8722	22.7876	61.0941	22.7449	2.48697	0.753031
63.3745	23.4163	3.23448	-0.271616	63.3821	23.4069	63.5955	23.4479	2.43482	0.631987
66.3422	23.9899	2.78356	1.15708	66.3403	23.9959	66.0431	24.0276	2.37349	0.508655
68.2681	24.3637	1.33394	-0.166805	68.2621	24.3582	68.4273	24.4824	2.30293	0.385623
70.8188	24.8795	3.39067	0.987048	70.8275	24.8844	70.7385	24.8137	2.22347	0.265395
72.9015	24.7217	1.17977	-0.948247	72.8923	24.7135	72.9675	25.025	2.13584	0.150292
74.9956	25.249	2.72521	1.54592	75.0021	25.2595	75.1062	25.1224	2.04114	0.0423626
77.1267	24.9428	1.72091	-1.5847	77.1225	24.9297	77.1475	25.1137	1.9408	-0.0566979
79.1071	25.025	2.15952	1.23294	79.1089	25.0369	79.0861	25.0086	1.83649	-0.145607
80.8107	24.8786	1.38888	-1.09865	80.8074	24.8688	80.9183	24.8178	1.73008	-0.223536
82.6186	24.6333	2.09723	0.343713	82.6216	24.6393	82.6423	24.5525	1.6235	-0.29012
84.1772	24.5534	1.18672	-0.372228	84.1733	24.5504	84.2584	24.2245	1.51869	-0.345444
85.6358	23.8106	1.64639	-0.998635	85.6378	23.808	85.7688	23.8451	1.41749	-0.390006
86.9473	23.522	1.08027	0.201536	86.9449	23.527	87.1776	23.4252	1.32159	-0.424654
88.8171	22.7935	2.41478	-1.37051	88.8227	22.7869	88.4904	22.9745	1.23247	-0.450514
89.5089	22.3019	-0.497554	0.115168	89.4967	22.3082	89.7145	22.5017	1.15138	-0.468904
90.5027	21.6729	2.0233	-1.14269	90.5133	21.6677	90.858	22.0141	1.07929	-0.481241
91.7235	21.1111	0.666861	-0.160857	91.7178	21.1152	91.9302	21.5174	1.01698	-0.488963
92.8566	20.9537	1.4549	-0.155055	92.8599	20.9537	92.9411	21.016	0.964993	-0.493443
93.4728	20.2196	0.0372294	-1.13383	93.4668	20.2155	93.9011	20.513	0.92369	-0.495918
95.3101	19.6545	3.07998	-0.17255	95.3229	19.6585	94.8209	20.01	0.893308	-0.497439
95.5242	19.6969	-1.76425	0.190813	95.5039	19.6984	95.7116	19.5078	0.87398	-0.498816
96.2464	19.1649	2.43862	-1.031	96.264	19.1597	96.5842	19.0066	0.865773	-0.50059
97.5368	18.7228	0.497709	-0.0355358	97.5286	18.727	97.45	18.506	0.868716	-0.503009
98.2092	18.3761	0.793087	-0.561459	98.2105	18.3739	98.3198	18.0049	0.882804	-0.506023
99.036	17.3602	0.850073	-1.32961	99.0363	17.357	99.2049	17.503	0.908006	-0.509278
99.9961	16.9815	1.03597	0.277675	99.9969	16.9882	100.117	17.0001	0.944242	-0.512134
101.203	16.5419	1.32424	-0.934655	101.204	16.5368	101.066	16.497	0.991362	-0.513687
102.388	16.3937	1.08921	0.394571	102.387	16.3992	102.063	15.9949	1.04911	-0.512803
103.007	15.3631	0.294322	-2.01428	103.003	15.353	103.119	15.4967	1.11708	-0.508169
104.109	15.2573	1.65944	1.21158	104.114	15.2708	104.244	15.0064	1.19469	-0.498349
105.543	14.4555	1.27809	-2.1916	105.541	14.4413	105.447	14.5293	1.28111	-0.481861
106.831	14.0356	1.2959	0.803107	106.831	14.0482	106.737	14.0724	1.37529	-0.457255
108.084	13.6687	1.22301	-1.17461	108.084	13.6604	108.122	13.644	1.47592	-0.423202
109.533	13.5638	1.60482	0.633487	109.534	13.5714	109.606	13.2536	1.58144	-0.378583
111.064	12.5928	1.47958	-2.0786	111.063	12.5814	111.196	12.9118	1.69008	-0.322574
112.91	12.4738	2.09974	1.23383	112.913	12.4877	112.893	12.6299	1.7999	-0.254723
114.802	12.5587	1.74939	-0.708236	114.801	12.5506	114.699	12.4195	1.90891	-0.175007
116.686	12.1018	1.97637	-0.283487	116.687	12.1036	116.611	12.2921	2.01507	-0.0838683
118.951	11.9997	2.46358	0.0230891	118.953	12.0009	118.628	12.2586	2.11647	0.0177712
120.7	12.2899	1.25641	0.474676	120.695	12.2918	120.743	12.3289	2.21139	0.128528
123.557	12.8292	3.96137	0.583972	123.568	12.8297	122.95	12.5114	2.29835	0.246599
124.912	12.7788	-0.443465	-0.4884	124.894	12.7743	125.242	12.8125	2.37624	0.369827
127.829	13.32	5.23673	1.2519	127.853	13.3273	127.609	13.2365	2.44434	0.495787
129.969	13.7025	0.00229795	-0.217659	129.947	13.6963	130.042	13.7853	2.50232	0.621879
132.077	14.4998	3.56108	1.49803	132.092	14.507	132.53	14.458	2.55028	0.74543
135.077	15.0542	2.61354	-0.097075	135.073	15.0475	135.066	15.2513	2.58865	0.863795
137.562	16.2058	2.39465	2.01369	137.561	16.2147	137.639	16.1592	2.61821	0.974442
140.329	17.0166	3.02444	-0.0197187	140.331	17.008	140.242	17.1733	2.63994	1.07503
142.892	17.9848	2.24432	1.65029	142.888	17.9918	142.868	18.2829	2.65497	1.16346
145.39	19.165	2.674	0.855663	145.392	19.1617	145.51	19.4754	2.66445	1.23795
148.25	20.4722	2.98736	1.61882	148.251	20.4754	148.163	20.7364	2.66951	1.29702
150.69	22.1141	2.06248	1.65785	150.686	22.1142	150.825	22.0502	2.67111	1.33953
153.417	23.4928	3.18657	1.18613	153.422	23.4909	153.491	23.3999	2.66999	1.3647
156.051	24.8075	2.25127	1.40344	156.047	24.8084	156.159	24.7682	2.66666	1.37208
158.901	26.032	3.26352	1.10101	158.905	26.0308	158.827	26.1372	2.66127	1.36157
161.417	27.4235	2.0004	1.59203	161.412	27.4256	161.493	27.4891	2.65371	1.33344
163.624	28.77	2.34917	1.17695	163.625	28.7683	164.155	28.8064	2.64354	1.28825
166.822	30.2044	3.78419	1.61211	166.828	30.2062	166.809	30.0721	2.63006	1.22694
169.108	31.3749	1.25186	0.865566	169.097	31.3717	169.452	31.2706	2.61238	1.15075
172.162	32.3397	4.29902	1.03339	172.175	32.3404	172.079	32.3873	2.58945	1.06126
174.656	33.4619	1.24695	1.18348	174.643	33.4625	174.685	33.4094	2.56021	0.960341
177.022	34.2041	3.13909	0.437547	177.03	34.2009	177.261	34.3262	2.52363	0.850119
180.146	35.1388	3.11249	1.27788	180.145	35.1423	179.799	35.1289	2.47883	0.732949
182.604	35.7577	2.00709	0.164068	182.599	35.753	182.292	35.8114	2.42515	0.611338
184.731	36.5113	2.20979	1.16053	184.732	36.5155	184.73	36.37	2.36226	0.487877
186.946	36.9456	2.21895	-0.0670052	186.946	36.9404	187.103	36.804	2.29017	0.365145
189.463	37.4015	2.72245	0.816783	189.465	37.4052	189.401	37.1147	2.20928	0.245623
191.738	37.5677	1.96677	-0.282848	191.735	37.5631	191.615	37.3064	2.12038	0.131592
193.473	37.279	1.57395	-0.292794	193.471	37.2789	193.738	37.3854	2.02462	0.0250453
195.985	37.3962	3.15937	0.400257	195.991	37.3991	195.762	37.3598	1.92349	-0.072386
197.735	37.729	0.776845	0.286329	197.725	37.7285	197.683	37.2395	1.81869	-0.159495
199.289	37.2913	2.09046	-0.937542	199.294	37.2862	199.497	37.0353	1.71212	-0.235529
201.548	36.9928	2.37588	0.142623	201.549	36.9973	201.203	36.7587	1.6057	-0.300201
202.969	36.4616	0.762295	-0.996326	202.962	36.4568	202.801	36.4213	1.50137	-0.353671
203.989	36.1915	1.19723	0.231288	203.991	36.1967	204.294	36.0343	1.40095	-0.396497
